9.103443915093986890e-06,7.843261700974568496e-06,7.581361532118954513e-06,7.279416976574767640e-06,7.334973015081106919e-06,8.153949550553249247e-06,8.299069928418785003e-06,8.219187889239188148e-06,6.842744327482177853e-06,7.563268497495907763e-06,6.409721118529936387e-06,7.852909060050170673e-06,8.023711453366117157e-06,7.253714287305945284e-06,9.098457585084545734e-06,7.858615772575890565e-06,7.734957391887626761e-06,7.081330717728672595e-06,7.828018723050010201e-06,8.680766587496436683e-06
9.916040185034907063e-06,8.506073172386713162e-06,7.884571507167947946e-06,8.595553522086422013e-06,9.557213123434060354e-06,8.527078217857471918e-06,8.149244128867874014e-06,8.515456202000571092e-06,8.728462954859218817e-06,8.061618975694397545e-06,8.774442075976570182e-06,7.831507102827594424e-06,8.086433650196430409e-06,8.754435840911646292e-06,8.975440133882256249e-06,8.689094649293002166e-06,8.609963625423711523e-06,7.994770299725181362e-06,7.190275633222322030e-06,8.519699309323777356e-06
9.456963785443067336e-06,9.540882426726775430e-06,9.101177279198353572e-06,8.718474031516417321e-06,9.477040230020187858e-06,8.133936688781080691e-06,8.582933780584802295e-06,8.530390222347867954e-06,1.206662742221587097e-05,9.150172523072986749e-06,9.431169348573018420e-06,7.642105536406833979e-06,9.320814303857403681e-06,8.122558818855016513e-06,7.808567636881575793e-06,8.381008002602319102e-06,8.281735894950148009e-06,8.995540011532822768e-06,8.819833984934066705e-06,7.847352936449501735e-06
8.992700441595742527e-06,9.588907072783142132e-06,9.675920248053808347e-06,8.674018742395275437e-06,9.053842395332004073e-06,8.793714115033916719e-06,8.567837784229332686e-06,8.556394396535748698e-06,9.634103445219100649e-06,8.089055765970097229e-06,1.002680394995567520e-05,8.681073697881068818e-06,9.111575593725534556e-06,8.607499955437442659e-06,8.470474692768147643e-06,8.374395862201444179e-06,8.550579422071016963e-06,9.443286582043229703e-06,9.452130735458287065e-06,8.693827204214597164e-06
9.509972204287776027e-06,9.950476340813445549e-06,9.964835191235035699e-06,9.181251718708394896e-06,8.364353842629318348e-06,8.155415737291527248e-06,9.003912139098921993e-06,9.317714592706102919e-06,8.106202328321709434e-06,8.398380586837400080e-06,9.559879029997292988e-06,8.612544439711363755e-06,8.840927773744614994e-06,8.619747247324049185e-06,9.334580668609508100e-06,8.471865270447208573e-06,9.392710279567064414e-06,8.846845573039409670e-06,9.514079457720826322e-06,8.507198550605920445e-06
9.728710995122156436e-06,9.554398650303247461e-06,1.020032152609659218e-05,8.459181730195353588e-06,8.970460412674526949e-06,7.834462296372459591e-06,8.860666724411768683e-06,9.278201725741889652e-06,9.278520445952806740e-06,8.991472087776865882e-06,9.477206616115043108e-06,8.413390492421569586e-06,8.240316311002888480e-06,9.524357433243898783e-06,9.240117598574237881e-06,9.666019565962208256e-06,8.301063205450509149e-06,9.933660862591134954e-06,1.075199188286842108e-05,9.633586619098807483e-06
9.500009733541667554e-06,8.928986885677784059e-06,9.694145239744975174e-06,8.166450245328846469e-06,9.143362732209102267e-06,8.236317935544504724e-06,8.081744811321231402e-06,9.618760434985031097e-06,8.596320325725422844e-06,8.952327265011560245e-06,9.056489477239779222e-06,1.015948726170038968e-05,8.538490518380308669e-06,9.574447553399280524e-06,9.279768651142232465e-06,8.974503535984978210e-06,8.469703448191083221e-06,9.753618830633068191e-06,1.004566613187956015e-05,9.787373733364442696e-06
9.635528093192800430e-06,1.026533137939098808e-05,9.846095119175016732e-06,9.365273802068241612e-06,8.992684770614580762e-06,8.732373530333661460e-06,8.479521344115689674e-06,8.647372800109606917e-06,6.988817502124080236e-06,8.255180899473304673e-06,9.022786848306088033e-06,9.442087222338232334e-06,8.918760228557574040e-06,9.092403192280191837e-06,9.648423240781189101e-06,9.520996333611376651e-06,9.791981862351729660e-06,8.643020777183000163e-06,9.629442443954321093e-06,9.358187687130612001e-06
1.017730382648511023e-05,1.086834525451926744e-05,1.032314885278216385e-05,9.738276467076885051e-06,8.239289161193970548e-06,9.366423721959342511e-06,8.337463835210913324e-06,1.037477575939064568e-05,7.338035152579582630e-06,8.421453692544825898e-06,9.653132264156843499e-06,9.179564643422765075e-06,9.196433755455681172e-06,9.377659557976709197e-06,9.335559492247107511e-06,9.280692429588707692e-06,9.595699620706017402e-06,8.932976993789043947e-06,1.029786111120962390e-05,9.966610926708363951e-06
9.685794148705480219e-06,9.048575306678056715e-06,9.838628317332436118e-06,9.254184674276101766e-06,8.350932008911878421e-06,9.859956508578566524e-06,8.978664132278103805e-06,9.700913651634944599e-06,7.659915573387769756e-06,9.208691975107036832e-06,1.015939363797136064e-05,9.212591269758454570e-06,9.520234397921476210e-06,8.652240425919502053e-06,8.471715908488328291e-06,8.800685254554106458e-06,1.006630408574887027e-05,9.722321476639229980e-06,1.054104331030392235e-05,9.919992006233227037e-06
9.629637715398482208e-06,9.807591465724446717e-06,1.075071062211355073e-05,8.986103339621211178e-06,7.811553243882496308e-06,9.169477972812526702e-06,8.897535070263952719e-06,9.745111247795115671e-06,9.127079849005373890e-06,9.974740703830564434e-06,9.437298648390473309e-06,8.142783703928404074e-06,9.753814092591332741e-06,9.127475902567342987e-06,8.726661095767370167e-06,1.045312672551066450e-05,9.030316490165204524e-06,8.494648223929352764e-06,9.605402155423339291e-06,1.012951874602168085e-05
1.029448160468375553e-05,1.022972380273829194e-05,1.003701661994060133e-05,8.973591376705448844e-06,8.770578100370444890e-06,8.051572255193143802e-06,9.310202444878779953e-06,8.527250584281657059e-06,8.884350520923606516e-06,9.120048704059098752e-06,9.285707561831093156e-06,9.107889191806914014e-06,9.515543328673516807e-06,8.766896926306555563e-06,9.672455798773937493e-06,1.020949906886282317e-05,8.967455391240219153e-06,8.680198889208169376e-06,8.713633384930444378e-06,9.905201279578674834e-06
9.612766184283975252e-06,9.462839679937822912e-06,9.486033755385582153e-06,8.738088946651679790e-06,9.541323431535503124e-06,8.071469415339862065e-06,8.162214999513773186e-06,1.039976530631790595e-05,9.145687976520915902e-06,9.291200740865107586e-06,9.710445710105942041e-06,7.973047364965941142e-06,9.685364451209674066e-06,9.140137411908543028e-06,9.964479108587297998e-06,9.119203271657613913e-06,8.545403278215087700e-06,9.558624278293161947e-06,9.186374177061977899e-06,9.416668827751885400e-06
8.640313014057627970e-06,8.937369102581788936e-06,8.498368020887473961e-06,8.566282903158182519e-06,9.171702319146204921e-06,7.503435915598091624e-06,7.981689503261994804e-06,8.671944244584655934e-06,8.600999526188737236e-06,7.980245774023499741e-06,8.912774201290702913e-06,9.343387992919917424e-06,8.659403724135659956e-06,7.323334987595892559e-06,9.748478208223784904e-06,8.473326120555688904e-06,8.563725815401734175e-06,8.841012580458507440e-06,8.719083145462532756e-06,9.104810594687853166e-06
9.410791402374026570e-06,9.547225083171810765e-06,9.509255754725875857e-06,8.125875260070288520e-06,9.007157649351130657e-06,7.836762005376491115e-06,9.153894419533944069e-06,1.012672000931435427e-05,8.476346323894907314e-06,7.883364776166916212e-06,8.047877643751111506e-06,9.633622006696592239e-06,8.886167248176651611e-06,7.783780409240580541e-06,8.837266570447341538e-06,8.557219212740339637e-06,8.260866177244598118e-06,8.709139920779988746e-06,9.082590673045270969e-06,8.672004165119163042e-06
9.476945260035783033e-06,8.720627160441753349e-06,8.993386458120187994e-06,8.634584860301072797e-06,7.374026024570177263e-06,8.509364800684524177e-06,6.925184606366598880e-06,1.190961977693908767e-05,8.290715111540403163e-06,8.166477475383757806e-06,7.761084850717556339e-06,8.294401152498154153e-06,8.272424199055269741e-06,8.715605883612268756e-06,9.460924406485707471e-06,8.089704324512666519e-06,9.174716536459469915e-06,8.267401137076601454e-06,8.594573944810868219e-06,9.020831164953601615e-06
9.112759023476402171e-06,8.647779099995571309e-06,9.668318232430631021e-06,8.671825517478618349e-06,7.375054195277636103e-06,7.614290805318152867e-06,8.087329024743300095e-06,1.225118395460881058e-05,9.150663609554945420e-06,7.896045180837622695e-06,8.913232878213275801e-06,8.293879833992915228e-06,7.364053773916029138e-06,9.121943951491900561e-06,8.542739932078033732e-06,8.776082124699544694e-06,8.281152751353003345e-06,7.430394066576208044e-06,8.119708510046367544e-06,9.180180670886886881e-06
8.376053295106306691e-06,8.574654057967059139e-06,8.663709314274134021e-06,7.427704230107817491e-06,6.893091374669768817e-06,7.570178322044976486e-06,7.753633559262654805e-06,7.672678398349483278e-06,7.452380154668845811e-06,8.722412308308277520e-06,9.677182299855951911e-06,8.155156014342953658e-06,8.086859318347063751e-06,8.915104339813634604e-06,8.130973854145982714e-06,8.691914552738946471e-06,8.328442143492070074e-06,7.937928260504834466e-06,8.591271138781345047e-06,7.953168059893026630e-06
7.988999962454730217e-06,8.827240994292024140e-06,8.523854245793481590e-06,7.534063007379693274e-06,7.541811232817456703e-06,7.428135109614085613e-06,6.461412405637018416e-06,9.485506295893733825e-06,6.186849538014727911e-06,9.489463176323946678e-06,7.288386676775703367e-06,7.356571611245497721e-06,7.837980049010529582e-06,8.745702072364998218e-06,7.432565932005282391e-06,7.555997812800090653e-06,7.297821678108077065e-06,7.638134782871033567e-06,8.270046821626984723e-06,7.744407138217083720e-06
7.343604795647782009e-06,8.081823836573231163e-06,7.340838688220374924e-06,6.562800698968889510e-06,7.615287496317852630e-06,7.365519565440663562e-06,7.819269106245812552e-06,6.863987098508960337e-06,6.937409293430888622e-06,8.106633559383145081e-06,7.361742357528470192e-06,7.370774444580462208e-06,7.067989349206833730e-06,8.606855667603776873e-06,8.019073003572385500e-06,6.474932678548435832e-06,7.321347441368500980e-06,8.212913093106621672e-06,8.113649440875701099e-06,7.725624588273697550e-06
