8.154960424023076848e-06,8.237902178354608227e-06,7.727964206233731463e-06,7.764254028425897515e-06,7.287916999986105243e-06,9.545008971252774666e-06,7.047561257362670330e-06,7.426607229715363410e-06,7.568419446214114530e-06,7.266211027826574845e-06,7.320061430003097251e-06,8.114790986636062368e-06,8.322885209401713417e-06,7.277462858250675102e-06,7.500787718932990652e-06,8.690623294782458827e-06,8.333437279070696690e-06,7.464027475804748910e-06,5.178922045939673691e-06,5.260216667303406833e-06
7.758280837538494159e-06,9.079799912864969268e-06,6.492443350320424732e-06,7.501010197633208253e-06,9.448673140284496587e-06,8.802081331823510113e-06,8.179421366458002350e-06,7.655076054979109465e-06,8.406321929126770888e-06,8.180702878586259392e-06,8.337202590213646123e-06,8.805523492296479213e-06,8.496354325950007479e-06,7.739505234446200340e-06,7.981687666339556982e-06,8.599954464039986544e-06,8.267481347167649242e-06,8.695244822999976129e-06,6.914243999811783519e-06,8.331135926064459882e-06
8.424579896511849843e-06,8.722762014862665156e-06,7.016535288972080179e-06,8.244043823723981519e-06,8.050130951913184901e-06,8.726950982752424349e-06,7.195858966177115030e-06,7.636443626096906418e-06,8.454780214908087443e-06,9.264363309636315259e-06,9.059684358439445840e-06,9.765852711050226561e-06,8.862728114911126229e-06,9.039067165857391943e-06,8.148945665730480340e-06,8.710960859097204346e-06,9.501014755538798946e-06,9.028762938659348956e-06,8.021061938284785979e-06,7.777309330192423673e-06
1.022254008079324855e-05,1.055217690625159529e-05,8.125590195713421841e-06,8.817361035973312708e-06,9.437275056231039655e-06,7.310355135993336623e-06,7.715021736442340833e-06,8.081300444177567273e-06,8.258155689989081714e-06,1.055711259964492556e-05,1.017376769563136833e-05,1.056331086661193935e-05,8.387986382309510003e-06,9.401525963530255284e-06,8.882871571240174929e-06,9.509426973862555114e-06,9.318974508619888689e-06,9.356043393463994530e-06,9.110937376969176302e-06,8.522919065636101605e-06
8.973547998513957971e-06,1.016381748780391517e-05,8.494376669667926460e-06,7.196782888197887266e-06,8.720223525913886357e-06,9.632135833966047359e-06,9.064970908536494105e-06,8.586143036450819406e-06,8.872069341944845559e-06,9.973019826177938522e-06,1.018289552892829245e-05,1.030146410154518055e-05,9.221108001409771899e-06,1.061278652326682362e-05,9.384877096379722812e-06,9.663102700678650333e-06,9.756337156041669552e-06,9.107744410749408175e-06,8.870183642294257511e-06,7.308569737226656292e-06
9.003562878928598714e-06,9.371596474246189176e-06,9.464471681116122978e-06,7.893197867040974448e-06,9.663687630568883134e-06,7.674695952047220506e-06,8.123262057034065666e-06,8.787529927337717932e-06,9.498684927586302929e-06,9.239152671362877740e-06,9.735619559682914302e-06,9.605094554035549224e-06,9.953348061412402363e-06,9.800951541000466004e-06,8.216297444590812309e-06,9.670575965178249776e-06,9.479233313254080927e-06,9.313970276314147007e-06,1.078858167999664402e-05,1.077663267997498060e-05
8.696966122060978375e-06,1.063418367011792650e-05,1.036438043311666936e-05,8.519174653914631215e-06,1.042333508019971342e-05,8.403155864313149198e-06,8.092692106081182592e-06,9.076309181438622442e-06,9.626360169369840524e-06,8.968062681060045524e-06,1.021460106754498370e-05,9.499186396638417869e-06,9.107365584953641281e-06,9.249490844266747139e-06,9.475347281474021268e-06,9.072427039534200905e-06,8.922373615569294245e-06,9.200554432831039621e-06,1.058334239465255610e-05,1.142123576329196743e-05
9.484056852775228416e-06,1.018388174835188320e-05,1.034035614405413755e-05,8.556711231480147760e-06,9.446495812649248795e-06,7.599218812602785988e-06,1.006020562113872092e-05,9.112568648194382617e-06,8.999063535905985932e-06,9.622567030423227673e-06,9.606763926775030785e-06,9.039890910283601775e-06,8.585904360657909093e-06,9.895536867436697541e-06,1.132574685453823329e-05,9.996423181479166366e-06,9.287286542354696416e-06,1.014995816730093449e-05,9.175040202673973282e-06,9.984993209131737702e-06
9.877055852595349175e-06,9.345433989176031946e-06,1.122187947503883758e-05,9.533978010810522616e-06,8.407399900723061442e-06,9.353138069231280014e-06,8.354317461626380357e-06,9.179528444536227128e-06,8.708200285091039934e-06,1.030821957247070478e-05,9.970845359926024915e-06,1.054423951842994056e-05,8.934843172894256621e-06,9.886996019160101525e-06,1.013762677279900899e-05,1.025608648368469499e-05,8.872234935395670834e-06,1.047376978802028865e-05,9.395559043057721975e-06,9.576054293461470112e-06
9.646213533525575402e-06,9.286815267995556121e-06,9.651613989366945555e-06,7.937057723206811407e-06,7.718150192853289785e-06,1.038654783060020804e-05,7.435749039908006114e-06,9.415771570017226656e-06,9.515039919771457305e-06,1.012778209381565206e-05,1.033453064505818608e-05,1.042170697613797192e-05,8.970058787710197734e-06,9.861996801639955754e-06,1.058595913555122749e-05,9.602423436683859306e-06,9.683823988067004245e-06,1.017428081613798507e-05,1.004017140331822070e-05,1.019047536918877146e-05
1.057475721169695042e-05,9.319761518774127620e-06,8.849279502348682483e-06,8.352997235148941144e-06,9.541881080083801253e-06,1.012899846692609931e-05,8.360121135858764269e-06,9.666798680190253560e-06,9.466586904795109040e-06,1.009591451024355298e-05,9.399879616261025224e-06,9.288763377198034116e-06,9.737522975239486242e-06,9.849778784332866401e-06,1.032720082427013957e-05,1.062317923839889795e-05,8.897941399131796534e-06,9.157326626668170293e-06,1.010721809373892514e-05,9.720219772110134463e-06
1.046535660674098540e-05,8.195879187202112810e-06,9.712147928601605097e-06,1.120858256852282432e-05,1.008761337065868733e-05,8.579278259272708374e-06,9.213443389050091317e-06,8.996187654644951053e-06,9.102624227368429473e-06,1.008084566734825830e-05,9.243399187338374417e-06,1.012566846063490184e-05,9.966379150734323307e-06,9.626766080573151280e-06,9.892070433836195497e-06,1.046213759229739258e-05,9.273103061123716130e-06,9.790144598094795560e-06,9.087675241832727103e-06,8.121356874772555796e-06
9.159488083641281238e-06,7.096380010013525903e-06,8.878831082223223150e-06,1.193392568129990862e-05,8.964834423628406283e-06,7.822376520008833084e-06,8.236159680249866545e-06,8.277760154854307112e-06,9.080272176621104682e-06,1.000219227090967002e-05,1.000092569566753054e-05,9.765027095895281031e-06,1.020450621475642517e-05,1.019147209676564087e-05,9.965676754149265307e-06,9.222813596842697627e-06,8.612317370097790606e-06,9.631140349206918010e-06,9.208729132242610387e-06,8.559303836990303792e-06
9.338711529467077523e-06,9.214061815219416773e-06,9.081478599382577865e-06,8.422494866997366100e-06,7.650190904652301845e-06,8.422720840678536125e-06,7.683267084718589944e-06,9.357885813796034687e-06,9.116744210288977532e-06,9.193642160845886060e-06,1.003387630572752644e-05,9.043336769758240348e-06,9.484458621606701035e-06,9.887554335516598666e-06,9.496074971703260504e-06,8.656179569540997532e-06,9.156691418768371466e-06,8.866657841888829806e-06,9.372537531171476241e-06,8.865390412991026235e-06
9.735342538809880101e-06,7.604801031784276751e-06,6.937507656168476437e-06,8.147648580097076085e-06,5.983775087984341372e-06,8.728496642400947964e-06,7.770749069695389487e-06,9.114615136296312246e-06,8.600431491816119475e-06,9.407335413085552174e-06,1.033896285062426344e-05,8.963371386032702867e-06,9.254958065135006186e-06,9.196129881642212974e-06,9.425333070459745866e-06,8.749771942341866450e-06,9.699855682753758570e-06,8.662865707479734797e-06,8.641008095226607757e-06,1.022876267879461319e-05
9.292350514512263526e-06,9.771152956001844585e-06,6.716297524221669674e-06,7.233891300213285957e-06,7.246054041084578362e-06,6.364878195053243253e-06,6.984745779128424973e-06,8.549004521221671490e-06,7.532147982259883310e-06,8.625041004833558018e-06,9.037416394527312776e-06,7.850577334810192098e-06,8.689343646009995098e-06,8.893316609817962404e-06,9.017659263871392983e-06,9.573092515427411911e-06,9.124474880866483351e-06,8.296821626210892792e-06,7.733587035048342326e-06,9.724240081461200147e-06
8.480011300846467163e-06,1.028273138108454664e-05,7.114875653527645558e-06,7.956409908770268585e-06,7.542224576520327864e-06,7.019744777887543153e-06,7.711906102377717530e-06,7.211030381523081872e-06,8.030974418636781595e-06,8.640707405264625576e-06,8.992007702103887570e-06,7.852223723133018633e-06,9.183629239447968110e-06,8.495790929665272023e-06,8.947148873740774362e-06,8.658381277176718739e-06,8.318399279905143093e-06,8.257217744139836140e-06,8.968604376979250322e-06,7.671546938012293795e-06
8.214077579558965442e-06,8.626787954960194287e-06,9.050122261626800292e-06,9.112442267627489102e-06,7.055058852477052169e-06,7.167850894606384507e-06,7.171018544383361148e-06,8.002105264433041827e-06,6.790667212014623299e-06,8.957508267536700217e-06,9.452992867058797238e-06,8.569422427193550202e-06,7.821262117896418873e-06,8.151763753212209435e-06,8.659124424822266873e-06,7.664155397476360443e-06,8.199072806705370728e-06,7.816882013922936778e-06,8.810508872011391497e-06,8.584720499733261258e-06
8.721065932104788887e-06,7.782340809728367152e-06,8.921462116123960150e-06,7.430679731260022300e-06,6.680384483939466435e-06,8.645352296943726011e-06,8.468706837724187801e-06,7.481823104226310309e-06,6.656927424284376184e-06,9.028911191718829118e-06,9.912943929337836546e-06,9.083781833398182375e-06,7.899761476837053800e-06,8.017045207433311400e-06,8.249372986471835683e-06,8.407733030258365961e-06,7.776709845018857964e-06,8.322079653002493774e-06,1.031779416250050449e-05,8.101545235603012219e-06
8.456829219073831074e-06,7.373188261458939035e-06,8.136378008324784186e-06,6.361416615291732135e-06,8.104303046806723385e-06,8.943014116804397261e-06,8.181962801098919711e-06,6.600360657100742133e-06,7.371124793959629117e-06,7.466215168675687232e-06,8.336921446484379009e-06,8.340849729441428802e-06,7.255966519798202194e-06,6.956710237394512796e-06,8.196740680868357836e-06,9.143708951238650875e-06,8.207610658186140047e-06,7.481098823527879303e-06,8.203745042392095394e-06,5.136828491080110476e-06
