5.611582838093855047e-06
4.609643006176531223e-06
4.936397560747673774e-06
5.981058500418135295e-06
5.619335300964070317e-06
5.795039761715159363e-06
5.931797666028803681e-06
5.478806540585618640e-06
4.996317649914446490e-06
5.469896874336226572e-06
5.996731308519183946e-06
6.112365250430158973e-06
5.690459876574038161e-06
6.682324338050899418e-06
6.731257388073018732e-06
6.445694402314859712e-06
7.577465607619839383e-06
7.935199827115322019e-06
8.863414164606293319e-06
8.972370684076979856e-06
8.352240862919477606e-06
6.033084961191456411e-06
2.999871442972227618e-06
-3.068122917647824265e-07
-3.672860873863091281e-06
-5.028725052219354061e-06
-5.109232962787190985e-06
-2.875409303817282189e-06
1.591711328105588748e-06
5.556970395645046697e-06
9.261673333124874173e-06
1.487794029205853203e-05
2.322146955764576006e-05
2.912362862254665811e-05
3.061078860395106163e-05
2.233364847598790523e-05
6.659446016256362343e-06
-9.099347103161370512e-06
-1.851889588402214710e-05
-2.069046046410681942e-05
-1.495489371824716849e-05
-7.741484210442764046e-06
-1.929419369637295693e-06
3.985239098238664801e-06
1.007047719964926553e-05
1.911489011330592180e-05
2.614617506963901240e-05
2.796920778463569493e-05
2.357327775707804201e-05
1.500150533532967692e-05
6.432952917035360511e-06
-1.760992627435010706e-06
-7.112488805817551996e-06
-1.099294314934843797e-05
-1.425995822704905934e-05
-1.219048178800188042e-05
-5.275516164550203289e-06
3.282325664471987330e-06
1.462189455400133331e-05
2.076465199385954302e-05
2.371133694485817446e-05
2.302796434474188635e-05
2.091016722640370908e-05
1.521945236017003140e-05
7.064062820550638403e-06
-2.262369281219929128e-06
-9.629992399270827114e-06
-1.287965084886865866e-05
-1.286443880212088596e-05
-8.914411888351621662e-06
-1.189438596668316650e-06
5.391539131371221222e-06
1.272842921213429332e-05
1.899498446137219188e-05
2.301074461440778964e-05
2.252766651338075515e-05
1.815962692100780317e-05
1.239069421088486289e-05
3.207414237391974518e-06
-4.318830005735331694e-06
-9.009017597411015795e-06
-1.186062445443785545e-05
-1.067687779323091857e-05
-6.970523893989615450e-06
1.016193993301953562e-08
7.454976073190706621e-06
1.402001453604779195e-05
1.905407985034503272e-05
2.067375050490886061e-05
1.936698035419424490e-05
1.593470519081360105e-05
1.104604548328427921e-05
4.252933169211521823e-06
-2.378064203444800294e-06
-7.528304250078269601e-06
-8.697111549764689899e-06
-7.703441828116167517e-06
-4.870143933004636856e-06
3.487500410275469269e-07
7.010068924933024949e-06
1.219268348093394823e-05
1.759079674120664653e-05
1.897200999366026805e-05
1.726097035753735128e-05
1.381816005123292488e-05
8.352949518356753708e-06
2.833256744242523156e-06
-1.049904830299217190e-06
-5.587640960639746211e-06
-6.804905663899899406e-06
-4.837634555654186575e-06
-3.057291356617861325e-06
1.944030894744810455e-06
7.459278681062405948e-06
1.272872821518123303e-05
1.621181873386917484e-05
1.708620254746826778e-05
1.496838797644281540e-05
1.276749687911834019e-05
8.060442826562859396e-06
2.790064934390773398e-06
-1.135885216592792990e-06
-3.707450694810242228e-06
-5.221577368072541777e-06
-4.339645076391510021e-06
-2.048288321537601042e-06
3.350350774670851877e-06
8.162836805994002064e-06
1.192975538147542216e-05
1.411182153495119144e-05
1.417070407400335157e-05
1.375393740624023897e-05
1.083291401224477524e-05
5.811484495582012799e-06
1.875787174891493028e-06
-7.824359961443717279e-07
-3.344745807719728733e-06
-4.432834133822990956e-06
-2.540904697830726385e-06
5.552660935078044414e-07
4.466506335497623529e-06
8.978203195209342197e-06
1.196725763262340292e-05
1.347072525929140970e-05
1.406785327135015836e-05
1.313335915858100847e-05
1.031144789281895693e-05
6.663712938066701689e-06
2.516195075622378390e-06
-1.011434180539097369e-06
-8.305877001132204551e-07
-1.222061850200960697e-06
-1.961018119199295761e-07
2.149825870193269388e-06
4.597681531108432991e-06
7.439482077065567742e-06
1.069667883846825856e-05
1.148010533533569438e-05
1.216007639629249930e-05
1.100042094925148433e-05
8.322280046323581582e-06
6.255451627530123663e-06
2.872552892231978222e-06
6.899506671489858344e-07
-7.197276233276207040e-07
-1.232108456669746831e-06
-4.480497422777013489e-07
2.268933642862022312e-06
5.313322970295748027e-06
7.654302624731309525e-06
9.569312441612264780e-06
1.064213466274354234e-05
1.050626254302929958e-05
9.735677112380697055e-06
7.753117189851225686e-06
5.993503220619539077e-06
2.434261717688606521e-06
1.119618895684149231e-06
9.151134760514840418e-07
1.214038766586374394e-06
2.468414458115616699e-06
3.270233936147351452e-06
4.748505711515243796e-06
5.867976051174388018e-06
8.229223722997825347e-06
9.400260438672247145e-06
9.626113027739896803e-06
8.630598456424318099e-06
7.105918996716407652e-06
6.133628470010536416e-06
5.414732139343215021e-06
3.230231891147338593e-06
1.073670654204131600e-06
1.753226441825594004e-06
1.660808997885194079e-06
3.406260041997053175e-06
5.276071302264101968e-06
7.466853025900538950e-06
8.655274300916833869e-06
9.044058395103465395e-06
