4.708926208912171603e-06
5.448818833666383113e-06
5.684177689841053314e-06
5.601665634800417062e-06
5.637063813564348104e-06
6.446769564184956390e-06
6.839100700203232725e-06
8.112329978112686228e-06
9.145315399618021479e-06
9.096215751031366801e-06
8.779893601000251965e-06
6.559310980123110784e-06
2.214511254279140229e-06
-2.265212004763223546e-06
-6.780597557590500827e-06
-8.837662134676537251e-06
-8.331567165969683522e-06
-4.996648001873822588e-06
1.181324432926289743e-06
5.556083986496199715e-06
1.089382829738549935e-05
1.518859172396081095e-05
2.321875450241824270e-05
3.041522943875612348e-05
3.452321306108356141e-05
2.866028819233686013e-05
1.169720880205858838e-05
-8.580856163807038369e-06
-2.370163247004524812e-05
-2.866794142123965845e-05
-2.355490385936901510e-05
-1.336198823425355722e-05
-4.780142784125151197e-06
2.200275447708764884e-06
9.861919859352809246e-06
1.957442455654461326e-05
2.893675983735143013e-05
3.273729607052259252e-05
2.863588404420165298e-05
1.862766333849686292e-05
6.819149589613063664e-06
-2.844546793959724597e-06
-9.267989453711053451e-06
-1.525173769775557358e-05
-1.904712174497486571e-05
-1.715357769252911813e-05
-9.287590573731510597e-06
3.339808952537724100e-06
1.453651364843227567e-05
2.263271212157352472e-05
