4.895551645355476869e-06
5.331891501899964162e-06
5.376656846730570223e-06
4.724188774770632857e-06
5.851705358419627298e-06
6.859494494909953802e-06
7.966678489697865889e-06
8.551024039094067683e-06
9.496792709284459908e-06
9.208407974435210740e-06
8.459196430058974045e-06
6.155855473476596167e-06
2.886033306248255077e-06
-2.244033689210216795e-06
-7.247889009031480758e-06
-1.002252413710121701e-05
-1.031086340128112721e-05
-5.650964532008721330e-06
-5.903204751506896335e-07
4.898251329727199935e-06
1.146317791149059875e-05
1.681485706551201801e-05
2.349862099003435217e-05
3.044437183534972705e-05
3.306655985658183496e-05
2.641837871723030568e-05
1.112410781436165481e-05
-8.707435733764724826e-06
-2.331040158196645375e-05
-2.859754075048258687e-05
-2.292922030166350171e-05
-1.321944073923331744e-05
-4.739662212809862867e-06
2.014377784855200063e-06
9.750888898899534867e-06
1.884082652276931297e-05
2.850407772402776537e-05
3.184801362990570019e-05
2.725695213208296569e-05
1.739025188453279783e-05
5.059868644024490908e-06
-3.211387985283528829e-06
-9.278047735784746364e-06
-1.463489344039528082e-05
-1.741750618141026292e-05
-1.575597105805192169e-05
-8.796802860865648185e-06
3.142471625677615631e-06
1.466679029087724412e-05
2.296534705205257720e-05
