7.527625937334877970e-06
5.231638252435591218e-06
4.920781725434914207e-06
5.493803048380377793e-06
6.178601824503620661e-06
7.299340242417078822e-06
7.783210358883739080e-06
8.499549211618314995e-06
9.021263277173918746e-06
9.910884258287364098e-06
8.557031510814095792e-06
6.087929232924643116e-06
1.976635515885669541e-06
-3.175880059303180762e-06
-7.743646435319609094e-06
-1.144360449717747851e-05
-1.114247310716720981e-05
-7.722321697618869364e-06
-1.056748747212468147e-06
5.680914297549153253e-06
1.093465434863561658e-05
1.690712581463864772e-05
2.429576613183425675e-05
3.221483089751602690e-05
3.681352442425760184e-05
3.140391699069066658e-05
1.463698379004012783e-05
-8.561212331543960563e-06
-2.675071912060010364e-05
-3.317593695805814361e-05
-2.773992600274701554e-05
-1.574864389600536454e-05
-4.490781600915356758e-06
2.794857588045295523e-06
1.023470561638862090e-05
1.951448276428461307e-05
3.005537234099884950e-05
3.439677692931515424e-05
2.994938996068390619e-05
1.914719196675457010e-05
7.603756866601236654e-06
-2.362930954018709810e-06
-1.111313035164183079e-05
-1.661547508520814197e-05
-2.107642928022856151e-05
-1.996666974761977510e-05
-1.198915418003851092e-05
1.248518979105873733e-06
1.493479164017719155e-05
2.490827606808990665e-05
