8.523096061548265560e-06
5.428899835326860014e-06
5.282408536091251780e-06
4.961719935356250482e-06
5.604466773759811362e-06
6.681531351089912771e-06
8.211160816215372100e-06
9.230288890765591252e-06
9.135690572207966645e-06
1.022255816437458808e-05
8.695623664802820888e-06
6.744348638390486841e-06
2.448772950564362896e-06
-3.934426449312297332e-06
-9.155303246393161731e-06
-1.324810091426076415e-05
-1.306991031300246279e-05
-8.928547714964960488e-06
-1.612906627933788446e-06
4.954856553318621643e-06
1.108551867369288425e-05
1.792635425081500988e-05
2.551195706111197167e-05
3.446683428871185066e-05
3.939436781001683482e-05
3.542408767721182291e-05
1.768662545686871721e-05
-7.719624580839310097e-06
-2.920191414330775676e-05
-3.756291519697604837e-05
-3.121991457517467420e-05
-1.779029061995280334e-05
-5.863862143978149715e-06
2.499611657081475678e-06
1.014437907724813072e-05
2.028734670744705790e-05
3.161603441896273289e-05
3.774636575366272255e-05
3.386476671509016604e-05
2.248687434393804876e-05
8.852697329839714490e-06
-3.596394873819325997e-06
-1.307629502993605032e-05
-1.976900368221969024e-05
-2.378095250491670597e-05
-2.282050085075309847e-05
-1.497809859265862379e-05
-1.275558743248875500e-06
1.473378494653713884e-05
2.718060271460232487e-05
