1.219436393530812244e-05
5.197820756271945786e-06
4.810313362591690953e-06
5.430677910249054861e-06
5.993629154075747799e-06
6.485759648249019180e-06
7.964527125041932971e-06
9.557798161295601576e-06
1.067030222439600289e-05
1.126270628323921629e-05
1.010533483086828498e-05
7.768882379224392569e-06
2.313682645315475319e-06
-4.216117454041295568e-06
-1.150876703703956533e-05
-1.521132600036522433e-05
-1.484773067925166043e-05
-9.866691087491637698e-06
-1.883911609002176398e-06
5.571421376847926744e-06
1.124618946595721606e-05
1.703701683249832956e-05
2.606645001445227107e-05
3.625885647563244479e-05
4.415411615753722017e-05
3.957863584988163754e-05
2.053090246281666348e-05
-8.945095846462202679e-06
-3.264516973601809085e-05
-4.287036693407382493e-05
-3.642427120669456227e-05
-2.094158098788973031e-05
-6.434515973462411590e-06
3.198241219459811682e-06
1.014061174294825209e-05
2.123833605584515469e-05
3.429725313625430183e-05
4.159815742396838262e-05
3.851180486218480517e-05
2.563197112442024465e-05
9.476984724608839792e-06
-4.319075592456102941e-06
-1.424319228393276488e-05
-2.261733902781184346e-05
-2.770288040133513099e-05
-2.732219362540409482e-05
-1.930414164137797843e-05
-3.215504408026144376e-06
1.452935364010531725e-05
2.872884788216372042e-05
