5.684438942343744782e-06
6.001969370019784090e-06
6.660781302970429524e-06
6.562956058869072050e-06
7.284162667328966274e-06
8.183567683915232298e-06
1.071478471772226736e-05
1.205857562665972129e-05
1.322316062512395023e-05
1.297880508214384457e-05
1.185016281751406574e-05
7.716027176034340212e-06
1.116080649590527016e-06
-6.783931176997806483e-06
-1.408603858982389244e-05
-1.884579118775022677e-05
-1.875505133566571155e-05
-1.204182581773743239e-05
-3.010661003051993767e-06
6.281973137073689769e-06
1.284912566510595087e-05
1.923791422736304945e-05
3.155092088888350802e-05
4.569796031599208431e-05
5.503968914300606070e-05
4.900748823155443539e-05
2.395033817339787714e-05
-1.147230715891580288e-05
-4.349122591670872179e-05
-5.361337799049079191e-05
-4.470589660589357431e-05
-2.569566425557488542e-05
-7.512736296889648481e-06
3.432825929248427475e-06
1.234890250210072790e-05
2.513040662004105554e-05
4.017411026319236045e-05
5.082425033133146949e-05
4.585884897192126045e-05
2.918671533353849870e-05
9.000612515067646206e-06
-7.692207779665895977e-06
-1.929413785124338543e-05
-2.847221888431898605e-05
-3.444820770870641485e-05
-3.407217285462156174e-05
-2.302308015989643400e-05
-2.469404056711705795e-06
2.142297929378922451e-05
3.628351625532533198e-05
