5.651330882304180971e-06
5.208896498786427752e-06
5.556119464374411783e-06
6.195732886165078992e-06
7.072697025797458403e-06
8.525906967767040367e-06
9.847726019035437538e-06
1.271593877838321077e-05
1.397945488983328972e-05
1.365619800299042034e-05
1.219918242102164560e-05
8.177644456975938412e-06
6.482038044847412086e-07
-8.032109429684074756e-06
-1.742916978109014241e-05
-2.201968304594006053e-05
-2.095431879526694154e-05
-1.384401247748601584e-05
-3.282853478147654739e-06
5.101512646864812714e-06
1.204751742357549414e-05
1.989655133851479411e-05
3.197660352043625652e-05
4.897124949598009180e-05
6.207032514041968139e-05
5.861189877327075158e-05
3.065601988001645550e-05
-1.232329113458493094e-05
-4.917161475999122522e-05
-6.468937334340708293e-05
-5.402446538726738198e-05
-2.815897900724063260e-05
-7.272400232699369719e-06
4.662091506237519165e-06
1.278809042555598640e-05
2.766210700307297096e-05
4.356961547699824040e-05
5.578717708705060991e-05
5.089083939417241720e-05
3.291619997664182139e-05
9.800550208272075064e-06
-1.047028887664870975e-05
-2.260237079822807797e-05
-3.264031955442021671e-05
-3.931435599989171922e-05
-3.868759750584785639e-05
-2.622983249631655159e-05
-3.190532318913406357e-06
2.211896793148948354e-05
4.098906904715165990e-05
