9.354438633757713770e-06
5.465770528196869161e-06
5.020068987741949044e-06
6.029657832853311558e-06
7.426089516337931012e-06
8.691046064340632297e-06
9.952108945569544657e-06
1.146434417083673176e-05
1.333949680349179186e-05
1.387149600135850361e-05
1.210139118016786463e-05
7.638754605079152690e-06
2.653406298741741834e-07
-9.650168607890242318e-06
-1.969384921866247531e-05
-2.504708204352066824e-05
-2.338264751875687578e-05
-1.624813883435735851e-05
-5.291055076189616085e-06
5.361075448380279774e-06
1.303827230356838724e-05
2.013357630177499039e-05
3.262996398681055775e-05
5.228132226153908534e-05
6.651907166645038027e-05
6.327615423924468963e-05
3.358504130625431319e-05
-1.425206860618121522e-05
-5.454779785127033279e-05
-7.183211397116484825e-05
-5.903423654352617158e-05
-3.309099361876990719e-05
-1.000022433892758617e-05
4.318605462861148062e-06
1.456181199523580345e-05
2.768929926137220229e-05
4.584182259168627192e-05
5.858716142800647370e-05
5.664793141015054612e-05
3.734222213231625323e-05
1.133414268250834774e-05
-1.038530631218558528e-05
-2.571264015139637643e-05
-3.669744503980335395e-05
-4.438837440145190126e-05
-4.370860357798669936e-05
-3.091740563727120452e-05
-6.340446717679343562e-06
2.178650520317138191e-05
4.357702860133650882e-05
