4.811603577654121588e-06
4.347203078852490392e-06
4.267165766291692843e-06
5.684028249037667983e-06
6.673991963672120361e-06
8.202975488533771452e-06
1.072717675023852037e-05
1.222821977186827136e-05
1.370180256878956329e-05
1.522718577428216440e-05
1.374023810499198010e-05
8.975086658780067727e-06
-6.836292378925216599e-07
-1.185380343767093097e-05
-2.324197414048464027e-05
-2.916709313497426460e-05
-2.756442800763338958e-05
-1.834654695395473656e-05
-6.371871096505933738e-06
4.562939146610670402e-06
1.276660009550926237e-05
1.990782232212531819e-05
3.449036108366516874e-05
5.563139944885569593e-05
7.285832920728868047e-05
7.081010724412962771e-05
3.921935089146205049e-05
-1.332281612872337948e-05
-6.069296901859729107e-05
-8.071482348679233322e-05
-7.033702245468538311e-05
-4.035530406250421523e-05
-1.208971495071031576e-05
4.770004472979479453e-06
1.538397983200211346e-05
3.030952555544799798e-05
4.863657129994493269e-05
6.353105915099704676e-05
6.200137371930184772e-05
4.122624655661387866e-05
1.102864116389190376e-05
-1.364529748129253818e-05
-3.035872190510710702e-05
-4.184877820410346931e-05
-4.847488427899011013e-05
-4.913614930337315039e-05
-3.573948620535630824e-05
-7.127185686015925157e-06
2.386024450445750825e-05
4.783931651502018080e-05
