4.008941946741176879e-06
3.939379508082689603e-06
4.797698365923462138e-06
4.705892997788058305e-06
4.901737148364607537e-06
6.748806741725472148e-06
9.371320292007345346e-06
1.210555161629777995e-05
1.400690855677257431e-05
1.444353070966633984e-05
1.239821212074117592e-05
8.177765047064669931e-06
-4.387087552419424933e-07
-1.194220461231170980e-05
-2.180411968345210351e-05
-2.954511690146489027e-05
-2.940635002976884089e-05
-1.964645674128737748e-05
-7.823011923511809121e-06
4.115057859197244664e-06
1.126865242767343324e-05
1.886571717757382121e-05
3.341460686311711355e-05
5.612822757842483000e-05
7.534559794572832253e-05
7.347528135556563296e-05
4.214105802831135853e-05
-1.065424514490013245e-05
-6.214406963155832497e-05
-8.583888779874318574e-05
-7.455895746536954848e-05
-4.260540708852672982e-05
-1.167801603328378809e-05
5.063604490623170697e-06
1.474657728055064356e-05
2.921102437667206627e-05
5.068894011528345204e-05
6.584088686895294372e-05
6.419610434764079141e-05
4.219565065866387503e-05
1.316515191748875467e-05
-1.340454697649950834e-05
-3.178727675150463321e-05
-4.325997158214001841e-05
-5.088795159897748920e-05
-5.108124113413958013e-05
-3.620855956575913531e-05
-7.548982648497498668e-06
2.632439386236533365e-05
5.109475058970506362e-05
