4.016831966626721731e-06
3.869860718490989440e-06
4.557179222002728695e-06
5.285362238601258568e-06
6.777999102274704296e-06
8.620250591591150535e-06
9.707813793051079469e-06
1.234559075927260405e-05
1.433425865393700898e-05
1.483732514768637374e-05
1.282615416400389325e-05
8.303967545294751304e-06
3.039864310565114258e-07
-1.115819003274713262e-05
-2.190114002210723009e-05
-2.874399495842058333e-05
-2.781015787166789342e-05
-1.918456545662524344e-05
-5.428956443794639404e-06
4.341848608274723084e-06
1.099535411839047330e-05
1.806377492353029550e-05
3.218937565001296050e-05
5.444882532718654843e-05
7.399303839727595380e-05
7.567942430836587301e-05
4.284910621269122583e-05
-9.308186410183788917e-06
-6.076094796418299591e-05
-8.595336627213456544e-05
-7.452200754146296705e-05
-4.209890807102595518e-05
-1.102792503120988097e-05
6.202727076614309259e-06
1.544074481881136776e-05
2.794348684338944120e-05
4.850280564672095079e-05
6.497025068164900558e-05
6.486892804739692272e-05
4.376672905901957009e-05
1.176298072869333654e-05
-1.423439944312683749e-05
-3.098482104842268417e-05
-4.299446020738693051e-05
-5.073257622267115564e-05
-5.066739128577201385e-05
-3.753974050912111152e-05
-8.197196792745278308e-06
2.465289160645512027e-05
5.030795967967295336e-05
