3.246757712350507212e-06
3.297826738824172596e-06
3.683394125789941588e-06
4.550380654318645328e-06
6.243980076804677061e-06
7.830688590367398586e-06
9.804540714907078255e-06
1.255739249514866511e-05
1.347394177567771984e-05
1.490703720063420661e-05
1.334403259383833352e-05
8.376524767937870377e-06
-2.182592128200292959e-07
-1.240278621678703172e-05
-2.210688921461162649e-05
-2.952592369897519736e-05
-2.908539318504707848e-05
-1.957427534127297093e-05
-5.872805431806012650e-06
4.050802321267106425e-06
1.095549861697836163e-05
1.788230904619203494e-05
3.156921715162676047e-05
5.459994629002004043e-05
7.787719503522142568e-05
8.001823019848603802e-05
4.877012791993929193e-05
-7.245682215612275545e-06
-6.347887657021099338e-05
-8.971070576845280135e-05
-7.762329485004060834e-05
-4.306302595187369060e-05
-1.306823365797074814e-05
4.748395998996017808e-06
1.512972830306111600e-05
2.934180081481063912e-05
4.911154918550087920e-05
6.749732875688760640e-05
6.765029338968365949e-05
4.727698534470110869e-05
1.550126765023864507e-05
-1.381897793342874738e-05
-3.296673102316273474e-05
-4.475390487167315212e-05
-5.331892178495196402e-05
-5.398889183154949274e-05
-3.944937187966503667e-05
-9.900219590748062873e-06
2.616938938168652786e-05
5.363923471919561034e-05
