3.839932673392377540e-06
4.232333411976614039e-06
4.713748355179389337e-06
4.140564770818313983e-06
6.426689605574501057e-06
8.738885632375592051e-06
1.012298742601376621e-05
1.214962773611829782e-05
1.417480703423570227e-05
1.525900500714695343e-05
1.346344670801001209e-05
8.508396162694238350e-06
-6.575092789450961131e-07
-1.105685986920449575e-05
-2.253380167076515753e-05
-2.961893725801254765e-05
-2.827480697584595245e-05
-1.935490935744147434e-05
-6.582528831284150070e-06
4.158526969002711324e-06
9.851057192290750141e-06
1.531502246031595733e-05
3.066422854155927672e-05
5.535665338191273215e-05
7.823392447609957647e-05
8.028244861709856275e-05
4.966571374727312359e-05
-9.529663319094636482e-06
-6.341854852881627640e-05
-9.011266761305506952e-05
-7.912450422735454135e-05
-4.422254772798481188e-05
-1.055591609757955971e-05
6.080568258465061441e-06
1.455103553334579372e-05
2.854160792376342283e-05
5.049659434372759349e-05
6.814695342870902414e-05
6.750811023252177806e-05
4.564979603429135667e-05
1.492108820996315446e-05
-1.390647731071628984e-05
-3.208918971309991560e-05
-4.492689632433101698e-05
-5.341500094494161033e-05
-5.295352264360018437e-05
-3.955996811900718701e-05
-1.002003990493952863e-05
2.477644190341991460e-05
5.262424829224616844e-05
