1.740102723611268253e-05
4.608552334661876105e-06
4.276578298936131182e-06
5.248390524858470800e-06
6.170893808735595658e-06
8.355640372293263567e-06
1.015448210135014321e-05
1.193200804458166708e-05
1.384486706931034448e-05
1.451841038881621596e-05
1.265810902151269167e-05
8.111787591616628526e-06
-3.364238637805808582e-07
-1.089237427688244100e-05
-2.292297673290455287e-05
-3.053491523193650541e-05
-2.808018047115601001e-05
-1.836771366329721924e-05
-5.960085540192464914e-06
3.893030878362442250e-06
1.030720515495102914e-05
1.576387995320959024e-05
3.032293119701679943e-05
5.546791254579388304e-05
7.979310080297886542e-05
8.275348177634117780e-05
4.953115148123164897e-05
-7.731272514737268513e-06
-6.507175273507786973e-05
-9.274665470915088958e-05
-8.139714857870007712e-05
-4.534714678094583487e-05
-1.258416346014984495e-05
6.403076189082837777e-06
1.473912838340803969e-05
2.718099897387677891e-05
4.956728310657611378e-05
6.793373212664097064e-05
6.849944925708058882e-05
4.914746792622747820e-05
1.718365819708677025e-05
-1.298435153228166014e-05
-3.158807531803624162e-05
-4.446526859953480755e-05
-5.318748089559796469e-05
-5.457851204798322940e-05
-4.177988304448151144e-05
-1.300873546930287726e-05
2.198032711468981363e-05
5.132613640928060931e-05
