1.023612207718198298e-05,2.019074100022923946e-05,1.736543464898530865e-05,1.629182428115124272e-05,1.631345135282929893e-05,1.614477206711936345e-05,1.474851685355023721e-05,1.853288733562204782e-05,3.588939585454064272e-05,7.183281461155090262e-05,9.350776216825207896e-05,7.006280949273977442e-05,3.124874525220068641e-05,1.514343967893198259e-05,1.211834806192846610e-05,9.619622675207072839e-06,9.773455587869460303e-06,8.052647720844404691e-06,7.396747263921824978e-06,9.365050006411015579e-06
7.863806122740216130e-06,6.714178025226756049e-06,3.944692619608300223e-06,3.686357057752861890e-06,5.106851625146616676e-06,5.786200478718534672e-06,8.204504611107627253e-06,1.705868247010463481e-05,4.373206798738986823e-05,6.961374086743643617e-05,5.965316932892876712e-05,2.745494003128193616e-05,7.695863527798214014e-06,1.904081624172925537e-06,-1.184629964957152222e-06,-3.892963201490605359e-06,-5.117677634625955771e-06,-6.697670125122947887e-06,-7.301328617016383972e-06,4.796575304580629590e-07
1.208266524475483688e-06,6.856976415638050067e-07,9.068649647843332554e-07,2.822833083394728940e-06,4.480914344228948025e-06,6.269416171458087237e-06,9.942049449094151071e-06,2.313192906602797385e-05,5.267284124039812201e-05,7.783717571102009543e-05,5.613914799896197523e-05,1.497543778648986824e-05,-1.333672080264757279e-06,-4.329906945302917545e-06,-5.558501478610217654e-06,-5.577549022290388853e-06,-7.019859795752553482e-06,-8.292432498709033012e-06,-6.878607113172607057e-06,2.259030387839529612e-06
-5.266085780200786565e-06,-3.555759761213514928e-06,-3.318835281019629849e-07,3.707523697700959957e-06,5.316772166047627503e-06,8.044903741437488029e-06,1.378258198488015178e-05,2.850715291875348249e-05,6.005233071116687339e-05,8.605295586841891760e-05,5.832860326631957010e-05,9.547265204294877195e-06,-6.689665743294529043e-06,-7.266390470964708644e-06,-6.570683470367092227e-06,-6.411292154384449670e-06,-6.918704991815284809e-06,-5.871922908742603249e-06,-4.614614194229431864e-06,6.854267553859199831e-06
-6.295203002670823810e-06,-5.159251219516318317e-06,-4.257838779572666356e-07,4.136567411488007836e-06,6.260969400439242303e-06,9.006376221669450691e-06,1.587779225518019547e-05,3.112689910779179911e-05,6.345681163732600275e-05,8.948439201901417332e-05,6.044960028108937235e-05,9.193956871792160796e-06,-7.078910789668990183e-06,-7.363320458133411681e-06,-5.813546688456033504e-06,-6.293838570315976042e-06,-5.200063894999149988e-06,-4.125528725573947458e-06,-1.842184922754734371e-06,1.053743248735131021e-05
-1.575311717936159048e-06,-1.442192438690874617e-06,1.116956077078294936e-06,4.916182924988777067e-06,6.330569884568107139e-06,9.322163948209934110e-06,1.588758517313401802e-05,3.020036402762189476e-05,6.239174609477369669e-05,8.850199420045174045e-05,6.319945510877185164e-05,1.476078836537214247e-05,-2.785325436833485272e-06,-4.950650767959539794e-06,-4.169097624501896972e-06,-5.158839190368372640e-06,-3.791279300081586108e-06,-2.764794015717051694e-06,-1.303331988669603602e-07,1.292111501616592369e-05
3.928749555083390022e-06,3.465930606311829239e-06,4.266808298477232540e-06,5.668012702079911104e-06,6.226005526420139472e-06,8.337459043996541869e-06,1.282733713004768690e-05,2.573196201107180110e-05,5.914957311315820085e-05,9.170764604605204475e-05,7.004576088895368864e-05,2.096091892971337526e-05,2.419672919241462003e-06,-1.431193637198334728e-06,-2.371548990374334054e-06,-2.847139524238939137e-06,-2.718839598136963517e-06,-2.223988098167849353e-06,-8.894620853254003243e-07,1.295381947847505260e-05
9.428660315369767332e-06,7.572558297096316914e-06,7.910498723067465785e-06,6.894778676051521392e-06,6.873491515409074725e-06,7.077332206248783874e-06,8.397181359172301406e-06,1.835270570542929441e-05,5.563774310166326117e-05,9.747020755379743196e-05,7.846262662405723053e-05,2.602279565634188751e-05,4.067009466115807630e-06,1.489991254874529079e-06,2.087687849808849768e-07,4.621308340715979256e-07,-1.055691385001562875e-06,-2.063114535516940068e-06,-2.713688695981175146e-06,9.520772979180858363e-06
1.490246813568110445e-05,1.314256794931751015e-05,1.136791984318698434e-05,9.215647196450149742e-06,7.299501601705711787e-06,5.248077590889181320e-06,3.760995296496340506e-06,1.244402306543480056e-05,5.216198911326355459e-05,1.008425744250563978e-04,8.524862228394368814e-05,3.112602147703237158e-05,9.788299722948161480e-06,6.205027777982055246e-06,4.554141986004412823e-06,2.745905975025773532e-06,6.139361296111990072e-07,-2.311785593723950780e-06,-4.176093272233166014e-06,5.868808939905492577e-06
2.265477400110568382e-05,1.956173388530192599e-05,1.517686839306592661e-05,1.154182657305694678e-05,8.555721084637670887e-06,5.587831309431800521e-06,1.759012094400963214e-06,9.130836400433081811e-06,4.804851776579475487e-05,9.825469389372497493e-05,8.828295225369078272e-05,3.796337586759213913e-05,1.795573845213552361e-05,1.215810174443239601e-05,9.298959455467584444e-06,5.620706620711412078e-06,2.767356837017273953e-06,-1.746831038157052494e-06,-4.417632218655107608e-06,2.580465169024311404e-06
3.170690095049307470e-05,2.476661595373987643e-05,1.990608806975586987e-05,1.484567660552042864e-05,1.115787638748541969e-05,7.575275642338465546e-06,4.010284051453355134e-06,9.989146341095663125e-06,4.363663832412615501e-05,8.862104137447570837e-05,8.555308311234969729e-05,4.530954276293546948e-05,2.677083148638733086e-05,1.774930716489387449e-05,1.389967483959817041e-05,8.693185493162725028e-06,3.692617610787004305e-06,1.205167735659613329e-07,-3.559385444229480596e-06,2.307155704594313840e-06
3.625713766351317284e-05,2.971904009515217524e-05,2.316337474893008738e-05,1.732742307776467770e-05,1.476684843803434079e-05,1.070173059339960376e-05,7.715683465656272800e-06,1.440477457141533319e-05,4.201249329324457379e-05,7.764286623456801610e-05,7.937208681731856418e-05,5.164180207110173073e-05,3.293511435250137442e-05,2.221715652457924848e-05,1.605531425890870212e-05,1.111678625591150976e-05,5.589338815655410255e-06,2.031855263275655868e-06,-1.124442360444639901e-06,3.154237200403035707e-06
3.595945626729018423e-05,3.079362028418322395e-05,2.415556076662830765e-05,1.871427115410263063e-05,1.742544821238572783e-05,1.536163746037462780e-05,1.328154503394769265e-05,2.041358803183432490e-05,4.400193425868210295e-05,7.268306040447286836e-05,7.287483802686805406e-05,5.097139012107445297e-05,3.350679159299475374e-05,2.399405228007185726e-05,1.754521417342685274e-05,1.209421188020248500e-05,7.792481101455495657e-06,4.234975655147964370e-06,1.319292887550896406e-06,7.025140482752795424e-06
2.995958128913804567e-05,2.667283851606271791e-05,2.181325982579540996e-05,1.928795255641740437e-05,1.869224131742673795e-05,1.893955783197844749e-05,1.871831976118464556e-05,2.836243721359087654e-05,5.319179353095797688e-05,7.808993496580450230e-05,7.190945026351205471e-05,4.525515550525888359e-05,2.869999272626916394e-05,2.037204855428311281e-05,1.607377562823725928e-05,1.295566748558652627e-05,8.967892525765362060e-06,6.743713922668097885e-06,5.044526222580009392e-06,1.161260356955200558e-05
2.026037710102508135e-05,1.985193598964263758e-05,1.969531139300551446e-05,1.838135519372178841e-05,1.979000974356596510e-05,2.206200286332599055e-05,2.422337047666292279e-05,3.656956888784862112e-05,6.307764477186450015e-05,9.010992925866352177e-05,7.593469675011820788e-05,3.814812932116471301e-05,2.049549866310772356e-05,1.582320739699855582e-05,1.391755997532045599e-05,1.299471027468433493e-05,1.117215875768666139e-05,8.836655395667893640e-06,8.469070018982814260e-06,1.614930959232547725e-05
1.208553891819286484e-05,1.299512001381764679e-05,1.691092099343463248e-05,1.836868603473777411e-05,2.119695323611314313e-05,2.413756558876347912e-05,2.724039787653144163e-05,4.084164187792085503e-05,7.186077574226308942e-05,1.010034767690275593e-04,7.883655790886731369e-05,3.111428858706125804e-05,1.383718764402804009e-05,1.189986231114574765e-05,1.311869685413386942e-05,1.284672042110049837e-05,1.213650406127546188e-05,1.016513216137186311e-05,1.046272317141123544e-05,2.052337423054590828e-05
8.228094017142839237e-06,1.029819538730442981e-05,1.445848754122272663e-05,1.903484251302787057e-05,2.080384663521554157e-05,2.490310601308446206e-05,3.014757556447950437e-05,4.430941363864885794e-05,7.689050961532257469e-05,1.065154748337466823e-04,8.074869524936333640e-05,2.899874822609791033e-05,1.066641846367035947e-05,1.081925829066892056e-05,1.318570518048717817e-05,1.270990507558648132e-05,1.298085669237448651e-05,1.238568088309300089e-05,1.336931532690573059e-05,2.341649811604112145e-05
1.034381770071697634e-05,1.182270960163827056e-05,1.479179027119617405e-05,1.875731574377124722e-05,2.111732940998233173e-05,2.449608285447461102e-05,3.043578518260373192e-05,4.538634787597944242e-05,7.667687722093075129e-05,1.057984613461710019e-04,8.332392315492244785e-05,3.273333162147833126e-05,1.333211464639685673e-05,1.192951033256111749e-05,1.311268586064891511e-05,1.355441056516224692e-05,1.377524651285625121e-05,1.394925013463321574e-05,1.634338156650237220e-05,2.656039083458714995e-05
1.637399361468376669e-05,1.573051173362886404e-05,1.765465570758760971e-05,1.923842243712557123e-05,2.101325877551947271e-05,2.249662552117060984e-05,2.735840037016795556e-05,4.101034234626613803e-05,7.290550567729866670e-05,1.057201499760023042e-04,8.784638370795774017e-05,3.891910967524589985e-05,1.737838787387536099e-05,1.433773984049936537e-05,1.468407573769186341e-05,1.486414298859314604e-05,1.461700289191113596e-05,1.392457998048009262e-05,1.727767787058331873e-05,2.774678650491776126e-05
2.253721632546299309e-05,2.023019189769236179e-05,1.987690273538789755e-05,2.012806732460389392e-05,2.011188840592040110e-05,1.993577845644194831e-05,2.308355576844621358e-05,3.361603398262543422e-05,6.927176701440451300e-05,1.113703096372619967e-04,9.332282476751926686e-05,4.289856704169182152e-05,1.941915603023920665e-05,1.689789008153301872e-05,1.567524245599814767e-05,1.567004419217608979e-05,1.514350293191191872e-05,1.319379205488816399e-05,1.581524267405991425e-05,2.636378358868000745e-05
