3.449724398287296180e-06
3.959017840840929271e-06
4.459936457002097112e-06
4.163804880227640709e-06
4.653343372762717785e-06
4.795864827540805654e-06
6.491668232973539852e-06
6.157403696854321216e-06
7.908244897605308871e-06
9.341531139765933599e-06
1.023761039585874630e-05
1.188786577456573402e-05
1.244568736826637411e-05
1.457770405488934635e-05
1.680132823156513445e-05
1.920982707645166998e-05
2.020330072427155776e-05
2.182461345811586534e-05
2.259858006067259331e-05
2.334231232867357579e-05
2.254335344323870724e-05
2.052819906584545971e-05
1.764983973742046167e-05
1.318393706365891749e-05
6.588168443380891938e-06
-2.291149768758576110e-06
-1.295274232151645143e-05
-2.364809829486516513e-05
-3.635178018629265046e-05
-4.786440048522660703e-05
-5.758466564299124363e-05
-6.642729348356444271e-05
-7.157863632838096311e-05
-7.315834681745480715e-05
-6.963915588354606346e-05
-6.140653454217139201e-05
-4.796850930394860944e-05
-3.064832699222388160e-05
-1.032570326860528602e-05
1.385099962440539118e-05
3.704586098157485531e-05
6.275015255500406420e-05
8.495574518228294735e-05
1.020283427875149729e-04
1.173761036439932586e-04
1.245623488594346849e-04
1.281271032950165713e-04
1.235421270079712015e-04
1.107563024998485833e-04
9.187575815412266317e-05
6.579486758497352225e-05
3.498368250688766259e-05
2.705789689523056154e-06
-2.995606578705339260e-05
-5.828328918540687383e-05
-8.189444966568524696e-05
-9.766363157527341993e-05
-1.088668775591777887e-04
-1.122897128832243572e-04
-1.091722272428846430e-04
-1.001395162346071702e-04
-8.842632974022664291e-05
-7.281547501845790432e-05
-5.631240955190635087e-05
-3.849690224498998831e-05
-1.954177469026615821e-05
2.316829142769529100e-07
2.188410841994493342e-05
4.331067359907158514e-05
6.507579561712330013e-05
8.516746909235867267e-05
1.004042270063657547e-04
1.100461681294868374e-04
1.133079683234107174e-04
1.097628278458101427e-04
9.928188563025511313e-05
8.508638026406373190e-05
6.434580525852162832e-05
4.330138686109458884e-05
2.138290035981305507e-05
-8.482011047810089189e-07
-2.119592489810284770e-05
-3.928501242898233686e-05
-5.487872679024234060e-05
-6.870327174924339736e-05
-8.052734233086597580e-05
-8.916252364437698931e-05
-9.419898530285007374e-05
-9.348400982420601178e-05
-8.960524611867498059e-05
-7.867429668409191171e-05
-6.341833182750734746e-05
-4.303536040653508450e-05
-1.970442006499621124e-05
4.751735274045522535e-06
2.973462409579182052e-05
5.220069747348200014e-05
7.191945467819608128e-05
8.694266709692721339e-05
9.814683278193556614e-05
