1.388431670032598254e-05
3.887886429884255259e-06
3.582055895150304482e-06
3.792290168056006672e-06
3.736184913644150050e-06
3.608072664650488868e-06
5.597821081901063199e-06
7.129073594897514197e-06
7.716289989910645258e-06
8.626306344453019514e-06
1.005326565785234151e-05
1.125436372523476005e-05
1.367993357094442787e-05
1.554103384108007700e-05
1.727502608568433259e-05
2.040903943822415105e-05
2.097103973612597983e-05
2.256290147655631457e-05
2.387833614051444118e-05
2.437804989670404017e-05
2.389250411407562209e-05
2.251683137854008031e-05
1.887395708393750402e-05
1.287436480115234357e-05
6.441674403067162183e-06
-2.056818053541097030e-06
-1.304358217090660081e-05
-2.519148087658275507e-05
-3.694935171520054447e-05
-4.924669191820598774e-05
-6.123552818522823998e-05
-6.987392195555416408e-05
-7.455785010450583037e-05
-7.685577685929543439e-05
-7.242209037161696078e-05
-6.356105504645344904e-05
-5.124648518971717609e-05
-3.230618001493303949e-05
-1.070810491852436704e-05
1.413611369790113896e-05
4.118814220510342536e-05
6.553456776306679893e-05
8.848747498722196693e-05
1.076613156287266034e-04
1.221590795231910858e-04
1.305015127912447859e-04
1.322928706136929273e-04
1.273780989275702228e-04
1.129314748591984648e-04
9.170663871719113573e-05
6.568092488826324726e-05
3.474142003728193206e-05
1.113519476406896138e-06
-3.090280112099635365e-05
-6.083326053692951274e-05
-8.448023757470578916e-05
-1.019434872321209920e-04
-1.132862043192667728e-04
-1.170945495370329586e-04
-1.134295736519626573e-04
-1.040904718187044144e-04
-9.346689635402059186e-05
-7.751168756923807336e-05
-5.957732123381816002e-05
-4.160543215855872726e-05
-2.194186307474465676e-05
1.062688212437339649e-06
2.375278738941623678e-05
4.695726967056172393e-05
6.841702897611121623e-05
8.871737803967136933e-05
1.048523828474099480e-04
1.153130509909171757e-04
1.187311741414446984e-04
1.143890602384444870e-04
1.061423505188657243e-04
8.939640880674107261e-05
6.817594203000172453e-05
4.487194090014516145e-05
2.265680786372292388e-05
9.166640935354163304e-07
-2.094798492706735868e-05
-4.038273281686006463e-05
-5.708419167133794466e-05
-7.022324042331991951e-05
-8.302403132207515201e-05
-9.163073670264508378e-05
-9.747623580913511703e-05
-9.791508274594183962e-05
-9.280001819149784749e-05
-8.267612109186840425e-05
-6.597025430619430102e-05
-4.379255126401894731e-05
-1.990726843351030783e-05
6.256727547349694838e-06
3.240174437269379088e-05
5.592537953953405545e-05
7.664901346788623431e-05
9.265419750222914118e-05
1.032272371148310313e-04
