4.169172969453035069e-06
4.733040010949696218e-06
4.224762311325877244e-06
5.476959886664610637e-06
7.630816651023679026e-06
9.262746725438207666e-06
1.204957644165650241e-05
1.544682654252100149e-05
1.916981941050664994e-05
2.317647373672123792e-05
2.392305155608661732e-05
2.030600683963658929e-05
1.082889815931145103e-05
-4.906723499090152867e-06
-2.927404384450696512e-05
-5.304222856367308593e-05
-7.062749504098170435e-05
-7.469449331725328543e-05
-6.058012081009273009e-05
-2.729050292828487189e-05
2.093360084204950916e-05
7.007484950490062167e-05
1.094767747795719677e-04
1.298280667626636122e-04
1.226363413513713459e-04
8.557181576166925877e-05
2.739780756651850465e-05
-3.551807749377517158e-05
-8.525464562962878693e-05
-1.112144974233158443e-04
-1.109302123871629478e-04
-8.869212519823435885e-05
-5.561828108268314532e-05
-1.618044440574119126e-05
2.772821455564019119e-05
6.994534360851694668e-05
1.020631816475534460e-04
1.133698994617913760e-04
9.881552199906092808e-05
6.266613720944858208e-05
1.897328122935900018e-05
-2.435869991495497939e-05
-5.939280932474355124e-05
-8.373242965316209216e-05
-9.504222155181561932e-05
-8.713977590808471077e-05
-5.791264048043554393e-05
-1.194130597240289078e-05
3.509807567723395816e-05
7.516450008415071252e-05
