4.322430186315614138e-06
4.841988654157932790e-06
4.297367815110837187e-06
5.098339189693036985e-06
6.770570034576987364e-06
9.136411892120104017e-06
1.217178900575523904e-05
1.597970392630219735e-05
1.929505786462211157e-05
2.316292810933371317e-05
2.500079114992692379e-05
2.140164216919115519e-05
1.219791356208052615e-05
-4.936277560511196650e-06
-2.972977851157181079e-05
-5.336246974412489988e-05
-7.091990078129719872e-05
-7.552640034337251580e-05
-6.151675962565706615e-05
-2.671807687035517129e-05
1.928076177168166886e-05
6.822913325814194800e-05
1.105988903116637216e-04
1.325208010267193320e-04
1.253335329727724298e-04
8.813053601000490694e-05
2.876785710172883841e-05
-3.551627700446732751e-05
-8.712345591062096810e-05
-1.138771266865967811e-04
-1.129974931011949832e-04
-9.133668886570050615e-05
-5.709049949929537730e-05
-1.709400984924950095e-05
2.822717245086360635e-05
7.156896509347740031e-05
1.052875391827555826e-04
1.179011518494140463e-04
1.036571564295918010e-04
6.529190618901692736e-05
1.992614849384756419e-05
-2.402428739531441420e-05
-6.031665124361371345e-05
-8.667131719107905015e-05
-9.757404020022444056e-05
-9.032972913087355244e-05
-6.188557439322804393e-05
-1.620858077461857381e-05
3.427284822478088002e-05
7.605680300202247906e-05
