1.957035679661294633e-05
4.970014732676737323e-06
4.901351072715834065e-06
5.335101911580587522e-06
7.181256748187225178e-06
9.693272252178629660e-06
1.214583002442734114e-05
1.673586606410666248e-05
2.023510326778728125e-05
2.390627827451434031e-05
2.480003089308883076e-05
2.048978067005559784e-05
1.175743903207074292e-05
-5.524088700082215835e-06
-2.816194365671452699e-05
-5.198374341286529789e-05
-7.154859687060075512e-05
-7.773223854889906590e-05
-6.132955479816308043e-05
-2.925477552259787289e-05
1.885420522196898201e-05
6.985877597225882772e-05
1.116264887860201406e-04
1.327104330788895310e-04
1.260496344793692026e-04
8.979278400450928645e-05
3.105199215664947193e-05
-3.461240387440635757e-05
-8.766700991512389708e-05
-1.147324745800748356e-04
-1.148152920224456173e-04
-9.491920553955269396e-05
-6.083089689485655926e-05
-1.999197317756184350e-05
2.566229383272250597e-05
6.989324135172899721e-05
1.044484762252293765e-04
1.175320190300380559e-04
1.030329957142684955e-04
6.517855787254402317e-05
1.913918984024359318e-05
-2.433103973033244559e-05
-5.868759780924708068e-05
-8.479455034098820989e-05
-9.877393548946677277e-05
-9.307024760359534346e-05
-6.556577271685495238e-05
-2.003254613014925260e-05
2.986036092301604136e-05
7.372567655191079731e-05
