2.210375210274784806e-06
2.082317765494950064e-06
2.505748427885277345e-06
2.804696115457219918e-06
2.501824088794285292e-06
2.169188759297533354e-06
2.602143505802668950e-06
2.758929409682638063e-06
2.268905139119281828e-06
1.734809328764673451e-06
2.679928710412284945e-06
2.497759468958438502e-06
3.023992409979777905e-06
2.649679247881083687e-06
2.185788606958566711e-06
2.890801810657558373e-06
2.942877662882846653e-06
2.222301970802881395e-06
1.912359593355580155e-06
2.368781837313921587e-06
2.209198836697357112e-06
2.515473634270070273e-06
1.986363619485944925e-06
2.881090708681072088e-06
2.243890233672349193e-06
2.559076501748406101e-06
2.861869696392467050e-06
2.736608411525059523e-06
2.631545662919737136e-06
2.935727040146162682e-06
2.519381509543740220e-06
1.834602701654152038e-06
1.831119120985589788e-06
2.515797879523758744e-06
1.750314584128423284e-06
2.261248162919815582e-06
2.287687127845027306e-06
2.850159082018233924e-06
3.036123849239977607e-06
2.383662699369725694e-06
2.277365910454859026e-06
2.228104035149785308e-06
2.154146000146629713e-06
2.699461823937586542e-06
1.855633970509979746e-06
2.012722243064456372e-06
2.824675382818215288e-06
1.882132180889517578e-06
1.572677680650575857e-06
2.980216143287389887e-06
2.981240334983310728e-06
2.537880317141825870e-06
2.511687459395256444e-06
2.342027925982317826e-06
2.423281548587851594e-06
1.873469870917659095e-06
2.397998832869051732e-06
1.892235586660635073e-06
2.302776190397862837e-06
1.684049627752391645e-06
2.837614937014855712e-06
2.758532629950315512e-06
2.014503787705790858e-06
2.957284127589152242e-06
2.747632750150474308e-06
2.832068400134060851e-06
3.469012566989867904e-06
3.569233201094319352e-06
3.091843097397444100e-06
2.449564653729268067e-06
1.140086283133843279e-06
1.717259125031030961e-06
1.772525540143458237e-06
1.738713803713585832e-06
1.742899239169907995e-06
2.555878531010901849e-06
2.728634927545587661e-06
2.612125263220717516e-06
3.211355994473052765e-06
4.089203646038797126e-06
4.330392411056474834e-06
4.000987303336639374e-06
4.850560994312475905e-06
5.176614648268623267e-06
5.088314581243602766e-06
5.326001723053185963e-06
6.834224773289336831e-06
7.217275017807368752e-06
6.799907811055401422e-06
6.270306813664286399e-06
3.889669466504820827e-06
-1.623087026772635842e-06
-8.888140857832812063e-06
-1.802822197794409702e-05
-2.475918813514104951e-05
-2.821223312404027826e-05
-2.496861472682520444e-05
-1.369020100768791926e-05
4.680458984966133182e-06
2.550236883923884902e-05
4.608507330669762969e-05
5.851510875457218607e-05
5.820808654479939199e-05
4.563757181474133293e-05
2.092152281911547961e-05
-7.550974041752456172e-06
-3.436300438336297206e-05
-5.232112936036918032e-05
-5.634506989673660225e-05
-5.027028550394155852e-05
-3.317701649177435408e-05
-1.272620441087274794e-05
1.155202667990051249e-05
3.360530349451403307e-05
5.030344082155581534e-05
5.762160694464576994e-05
5.280418737172239721e-05
3.701635938230721760e-05
1.420549074946594350e-05
-8.119434575024969141e-06
-2.758282286244602270e-05
-4.248565077330481636e-05
-4.852118457552272456e-05
-4.589291332125316054e-05
-3.327171678537752648e-05
-1.263600394397723062e-05
1.289717891579418467e-05
3.673973562480552452e-05
5.300561568828381499e-05
5.805375440894705011e-05
5.094187544096565647e-05
3.533185563771370781e-05
1.076477984877332202e-05
-1.401851787269649841e-05
-3.520716042017549231e-05
-4.948885206579426181e-05
-5.403409538455895969e-05
-4.381948105541379413e-05
-2.365796261963890122e-05
1.090281518223436538e-06
2.491726751561944395e-05
4.401943619862249649e-05
5.465495013413650436e-05
5.148517789083090343e-05
4.010509834752131234e-05
1.976306208311754735e-05
-3.623427264809153756e-06
-2.591646587039799456e-05
-4.098174001145676816e-05
-4.733871045115919935e-05
-4.286754757908893917e-05
-2.801711525507424221e-05
-8.783661351666429803e-06
1.335014264780475467e-05
3.359313022778959303e-05
4.592804394997416475e-05
4.820796778942525358e-05
4.126319523142156585e-05
2.580600670231049675e-05
6.557419601522379988e-06
-1.327924448871730760e-05
-2.937731868153632965e-05
-3.726195210569268853e-05
-3.631310272392315443e-05
-2.865096316600915325e-05
-1.430518891326220474e-05
3.154699835404647103e-06
1.855456778892907891e-05
3.136352300621652564e-05
3.717383570825037541e-05
3.688842802712095209e-05
2.951930756912352730e-05
1.588660697256530466e-05
3.295336781625902651e-07
-1.547092736780894128e-05
-2.620391685178072148e-05
-3.019993499685015659e-05
-2.734467013637355867e-05
-1.823301456888143358e-05
-4.336292026557016460e-06
1.072333483432571407e-05
2.347013469998163469e-05
3.058949882367065741e-05
3.200352788172064049e-05
2.684672251927231010e-05
1.622912392338570644e-05
3.537887567543625262e-06
-8.221036382879122565e-06
-1.705399723895470443e-05
-2.150779905903027318e-05
-2.209324752804969638e-05
-1.825252532006687632e-05
-8.409122328200278594e-06
2.707174020717175476e-06
1.385839420309484947e-05
2.118325450736853932e-05
2.600406337134283488e-05
2.496290391609169864e-05
1.905191705296452922e-05
1.030632287476795700e-05
-3.082431865897683707e-07
-9.421933692312064920e-06
-1.645030521222577634e-05
-1.894958157299810072e-05
-1.780737333107803788e-05
-1.198501223751161706e-05
-3.380622703633488911e-06
5.698328193366357237e-06
1.348583160104556390e-05
1.881905764366998245e-05
2.052731139024912847e-05
1.819622237840698241e-05
1.262868875246170894e-05
6.163736385349396979e-06
-9.529725531158827754e-07
-8.023306127674935973e-06
-1.294540010088882355e-05
-1.462263403789317347e-05
-1.307787843626586151e-05
-6.712791993870258156e-06
6.021194979686250790e-07
6.505607343860202697e-06
1.327597859822762666e-05
1.648020921217074167e-05
1.669921424112004026e-05
1.450044881518126489e-05
1.001318151929746240e-05
4.566945648650911625e-06
-1.164223835398885358e-06
-6.269408208452659257e-06
-9.055221296962759982e-06
-9.878506175109194837e-06
-8.363271637873897829e-06
-3.869929835296270858e-06
5.356061097021270342e-07
5.238138337530604654e-06
8.379303770089147982e-06
1.062502558175283893e-05
1.109614793274835548e-05
1.015199995101994073e-05
7.462005967049892810e-06
3.605330129247379304e-06
3.537418218635476855e-07
-3.175576129255060518e-06
-5.560989353977002970e-06
-6.166938051337785147e-06
-4.910061750572512280e-06
-1.639395331282880873e-06
1.278963838870477613e-06
5.406888717785728411e-06
8.776091430720200104e-06
9.895102275473556029e-06
1.102111556860769613e-05
9.056585434391480128e-06
6.263227285472793674e-06
3.175211964882659040e-06
-8.258988951525763813e-07
-3.471810895476758187e-06
-4.899000684969993716e-06
-4.038462959087405707e-06
-2.128842778387708383e-06
6.572246405353972985e-07
2.750672588438145439e-06
5.150768745087517461e-06
7.378430148166536884e-06
8.025401959476027722e-06
7.979964373910527467e-06
6.390316036714361942e-06
3.779278287563880928e-06
1.910237461083404991e-06
-1.333042898744397285e-06
-2.365675866179430355e-06
-2.870310326008432897e-06
-2.545557209529159613e-06
-1.437916131290260398e-06
6.007116767759241362e-07
3.027362600226825556e-06
5.340938117963834627e-06
6.089486113251624495e-06
6.352411870649730616e-06
5.700333534892261296e-06
4.347579890351159738e-06
3.375963512725709180e-06
2.493190265216570928e-06
6.540255768363638592e-07
-1.369907797183440885e-06
-9.631210305386367101e-07
-6.924055801839357967e-07
5.414508862916517532e-08
1.621535385721557286e-06
2.924689221661887108e-06
4.458671154523096577e-06
4.965307312672904123e-06
5.275306645559898505e-06
6.176929870941341842e-06
5.470849312240320547e-06
4.298847060472047504e-06
1.427454320880514877e-06
1.999679638209340150e-07
-9.482889353853539117e-07
-2.179954881424504967e-06
-2.253840815663919097e-06
-3.040177175140021772e-06
-3.671928109266525430e-06
-1.632527594747729956e-06
1.231286480205339685e-06
2.392662751802729378e-06
5.127777501283549225e-06
8.540754676656454715e-06
1.044387373134539692e-05
1.242430350655147987e-05
1.468023723945240766e-05
1.393353131805636155e-05
1.070324637490336419e-05
5.491573979364289197e-06
-1.473481498470980988e-06
-9.772624104374607541e-06
-1.711777555171424504e-05
-2.016390482185681003e-05
-1.769942998694500039e-05
-1.166018691617702835e-05
-1.565166970461481231e-06
8.439817944567173201e-06
1.847984426448912355e-05
2.508406923221082426e-05
2.637468142134555675e-05
2.289068273836975521e-05
1.576981244429899164e-05
5.594139432315359937e-06
-4.785512642907307048e-06
-1.207402722281696222e-05
-1.735572925469680672e-05
-1.912884348473825307e-05
-1.532948935018109909e-05
-8.060538434673778741e-06
1.094939702912664780e-06
9.482029297221565068e-06
1.581693818701515581e-05
1.852718087938606155e-05
1.971428916063376946e-05
1.656710857092730257e-05
1.133560541200644855e-05
4.592340904710036588e-06
-2.583811105934566270e-06
-9.707983635803011041e-06
-1.598245227348486861e-05
-1.767286295468630918e-05
-1.514948955061990780e-05
-1.003384213540609600e-05
-4.291784776784683779e-07
9.210819967044390542e-06
1.635382616710518092e-05
2.066930787652124186e-05
1.903799747659662824e-05
1.504445077777384949e-05
8.863474416279169647e-06
1.389919176795082216e-06
-6.187079042307924022e-06
-1.172135702370998701e-05
-1.382465765547875423e-05
-1.247746683814981192e-05
-7.676321132774210654e-06
-1.221902555395215998e-06
7.237855327266492689e-06
1.319205802805046207e-05
1.599923905226460023e-05
1.718613410192252011e-05
1.437313945919673840e-05
9.932655305961157687e-06
5.620079503673941407e-06
1.699325656121118276e-07
-5.062038172660126621e-06
-8.723354093889352839e-06
-9.559650869876510227e-06
-7.673384414539397870e-06
-4.727892248889730099e-06
5.560187623323781978e-07
5.065197074360107998e-06
8.420279383582819597e-06
1.069819472406359295e-05
1.127819630653593703e-05
9.966164309396013731e-06
7.892059507895618725e-06
4.565944565284467086e-06
4.251897579488223553e-07
-4.668169343861717862e-06
-6.701407758626985109e-06
-6.738523743291637881e-06
-6.443432145435192015e-06
-3.751810429473312533e-06
-8.775026400429994262e-07
1.866694758534966418e-06
5.207871960118593582e-06
9.342334102169449513e-06
1.128606543871225605e-05
1.160110349773522297e-05
9.793787153163394801e-06
6.375597505468549983e-06
2.816010852226106758e-06
4.940549045002205564e-07
-2.701771182254588436e-06
-5.259965126242393253e-06
-5.838600003693853393e-06
-5.520486073349940338e-06
-2.575064585879165870e-06
2.412935418614253637e-06
7.422443639556567439e-06
1.004636358844629373e-05
1.066797092010543754e-05
9.638974183632556165e-06
7.010990118016257342e-06
3.668614666276021738e-06
2.515466573391619206e-08
-3.424042335244010393e-06
-6.144219284577929356e-06
-7.387848735470875026e-06
-7.414761716076479632e-06
-4.776478465786555692e-06
-7.059034989332767547e-07
3.986964242595368232e-06
8.466754692748890154e-06
1.058736804332472095e-05
9.941906097647857426e-06
7.487561142464207904e-06
2.594132947874180405e-06
-1.606260068645254843e-06
-4.461138541198356790e-06
-5.009964627798067672e-06
-3.993847870444183225e-06
-1.292478481666076308e-06
4.096438773785150635e-06
6.489712699265900052e-06
8.147615512444718636e-06
1.026850088900117163e-05
1.049117407032871971e-05
1.010616598473981908e-05
7.533826880594185005e-06
3.660864649557799944e-06
1.667588464765407987e-06
-1.512013649002868212e-06
-3.224754800695142538e-06
-5.395250984862043963e-06
-5.801502876952729225e-06
-4.517401737225494563e-06
-1.456274831629449034e-06
6.989440577212398031e-07
5.801765205068353833e-06
7.018120200015627961e-06
7.284796567667358675e-06
6.591085661794134744e-06
4.251423685248000992e-06
6.002322830308637550e-07
-1.018477901229059369e-06
-2.544305716532338100e-06
-2.404426314091048168e-06
-9.224281471091352026e-07
3.599918963458854590e-07
2.026926822162566499e-06
6.180324245130799359e-06
8.551636045504683184e-06
1.009816410110918027e-05
9.150935772122129107e-06
7.095399346088588454e-06
1.763841700564332336e-06
-1.116117810282522772e-06
-3.037434813222869083e-06
-3.811648425085218575e-06
-3.346103821094167004e-06
-1.368113605415838955e-06
-8.137808143110676750e-08
1.939677438139105189e-06
4.136052765396479770e-06
4.822948761208467703e-06
4.955031323071732899e-06
4.115568723294909952e-06
3.728473566945749978e-06
3.203137635065233526e-06
1.752801505322445358e-06
2.185806822984055266e-07
-2.659557069862275506e-09
-8.856504774092859787e-07
-1.634173351930497252e-07
1.781770953765489313e-06
3.734553868070538093e-06
5.865745663665026487e-06
7.888286812879667802e-06
8.562966031689192727e-06
5.812548346167710486e-06
3.659319653018876009e-06
1.464804841210476278e-06
-1.634948660672463184e-06
-3.114457338868190172e-06
-2.593631018303301433e-06
-6.961217187778965307e-07
2.666699052998299240e-06
5.055577711757699419e-06
7.624420102347821880e-06
7.416467829023698430e-06
6.867254088053003708e-06
5.823816658094495962e-06
