2.088640789087359005e-05,2.579545658754862487e-06,5.150172959613886387e-06,8.612244717783502725e-06,1.330595546227454770e-05,1.608406596512707864e-05,2.093308704603917038e-05,2.895287380289261164e-05,5.346248634139528789e-05,9.691026386252181706e-05,1.174426038299784277e-04,7.467533111670410922e-05,2.351626366178309027e-05,7.800096163447743975e-06,7.975015235922763813e-06,1.105256453039439775e-05,1.360107563326811569e-05,1.405082968423908342e-05,1.730903200494590736e-05,2.296577767889511489e-05
1.919496599179496669e-05,1.191915408835622442e-05,8.962091346196838468e-06,7.719135437183464833e-06,7.903949090383124675e-06,8.455725808791401320e-06,1.125719437415544379e-05,2.129607327530619971e-05,5.242159549445142330e-05,8.465494863751833082e-05,7.619987001808964215e-05,4.264675826442018415e-05,1.999782282910676247e-05,1.120846903886967588e-05,6.747436324105106651e-06,4.076093520449205318e-06,1.025400563418205777e-06,-1.607254628939715083e-06,-2.424629690611334556e-06,3.329409458283743384e-06
1.651990226133269300e-05,1.231264277472559131e-05,8.337557046213668984e-06,7.684102064689974948e-06,8.140717676096021350e-06,7.732735521812901002e-06,8.443072072708966594e-06,1.988351869175361328e-05,5.830086133511408719e-05,8.665600157321492504e-05,7.230111406844801720e-05,3.402036986110948858e-05,1.661639605275963051e-05,1.075877551714911786e-05,6.015325203770317889e-06,2.912838153056842369e-06,-6.085498417089124052e-07,-3.642125529212036908e-06,-7.091817572368346907e-06,-9.933188636490258751e-07
1.166438560596046745e-05,9.081669838312798971e-06,7.436559012175573045e-06,7.835077386062549656e-06,7.696167509892120389e-06,8.331941219041637099e-06,8.867069912738613049e-06,2.206389994961470994e-05,6.576084558356373397e-05,1.040272636848912490e-04,7.870026104348446514e-05,2.881708915479790252e-05,1.151790405663564463e-05,8.687492377996834138e-06,5.168486761787394506e-06,1.788265018897793770e-06,-3.050321870568912505e-07,-3.324745114843040537e-06,-6.376283399548263959e-06,-4.201640606082223662e-07
7.039128048267257709e-06,4.080603166462024492e-06,5.249508225485231262e-06,6.660292697121050830e-06,8.143750349413668926e-06,9.978110535048489261e-06,1.269277012783958541e-05,2.662563839991677567e-05,7.349434047075914143e-05,1.125266283594970705e-04,8.094560670289612490e-05,2.562014675530398998e-05,7.592711917844127715e-06,4.543900502760094484e-06,3.104426745153238223e-06,1.259695031200710874e-06,5.801919659615897498e-07,-8.084674772537121417e-07,-2.945264881697363465e-06,5.408359497032235214e-06
2.960508832512634640e-06,9.114871684860732599e-07,2.161969245287313513e-06,5.159900542756289449e-06,9.003095845102355779e-06,1.192071927866054754e-05,1.698845889381250018e-05,3.372324873778473217e-05,7.818980701457550633e-05,1.134664245153877820e-04,8.061280975388180638e-05,2.483131844354111159e-05,3.896431185771630519e-06,1.858148250439425397e-06,1.872359959810369949e-06,3.004852398284510036e-06,2.557948496055798563e-06,2.686700838836516516e-06,3.166807350951372678e-06,1.462603750274677993e-05
-3.668409571177620681e-06,-3.754770550963728817e-06,8.010353215059604657e-07,5.450635561259804163e-06,9.907423525719342625e-06,1.281466830068699125e-05,1.969451899589678051e-05,3.869349207290704928e-05,8.345121734823432458e-05,1.182602698449485874e-04,8.181599324390789903e-05,2.213005219216445600e-05,5.952311339531833255e-07,-6.000781234094469698e-07,1.613715974620523665e-06,3.547171547093904526e-06,5.322787219103976262e-06,6.192798700825238970e-06,1.060791743758630450e-05,2.430116997651539655e-05
-9.995668129283901489e-06,-7.568861554232352731e-06,-4.316388902182561072e-07,4.587785978862432109e-06,9.578091871953713026e-06,1.377471710310977834e-05,2.061333984950139574e-05,4.017498364354583223e-05,8.847894445718306313e-05,1.277212252825118488e-04,8.268775844312297883e-05,1.582949085017902493e-05,-3.492868568895246442e-06,-1.989029734324982406e-06,1.225430531120182384e-06,3.849130812091118389e-06,6.784004613603418096e-06,9.397350367880434916e-06,1.498527988771251046e-05,2.974097935480990559e-05
-1.256297355573490922e-05,-8.311274756456249913e-06,1.054864863205081469e-06,6.130658095500059186e-06,1.054443297534077922e-05,1.401205033356702185e-05,1.986031133649296965e-05,3.804955720266974754e-05,9.091504667004121024e-05,1.311746812943404841e-04,8.102606128388076799e-05,1.003404271986961447e-05,-6.695099011193979415e-06,-3.009162084383256597e-06,2.811107375742234045e-06,6.909261977688196160e-06,9.176290258981351777e-06,1.196472383552379093e-05,1.794109582099591649e-05,3.262736801234394446e-05
-8.753178724008980042e-06,-4.643553005052464786e-06,3.024452564132203517e-06,8.245280108549866592e-06,1.217220778350691202e-05,1.548487756444825672e-05,2.014662523886753942e-05,3.777210584775864182e-05,8.636578675235357706e-05,1.206568166871002759e-04,7.836743618057966858e-05,1.286499631659239647e-05,-2.659583665259487964e-06,4.795940692949814591e-07,6.420366580247232691e-06,9.053853620420515159e-06,1.175059145460379845e-05,1.412175938307351546e-05,1.939089395343735668e-05,3.435322661073319741e-05
3.751695946090268218e-06,5.324227690353790477e-06,8.702307662360881502e-06,1.194605718026227863e-05,1.485561150438148493e-05,1.758167221259947078e-05,2.307991691784610729e-05,3.816298174887215744e-05,7.548400431360566330e-05,1.023344289711552009e-04,7.333146118491323600e-05,2.309430877503483367e-05,8.742824683075740236e-06,9.614580271168812325e-06,1.235213631503695392e-05,1.240483447873870351e-05,1.483565307268392841e-05,1.647305225719662664e-05,2.012144170507037334e-05,3.271413652799171035e-05
1.531131884740809425e-05,1.535688243582418699e-05,1.532986095710105792e-05,1.624143379295270943e-05,1.750057724290163949e-05,2.015994571618003105e-05,2.518152122127563470e-05,3.675505623906521308e-05,6.555780188721061386e-05,8.413834899002176331e-05,6.843555809170599150e-05,3.574200565516727718e-05,2.153782925266038551e-05,1.889426432650026196e-05,1.721348761541880961e-05,1.612486521279683099e-05,1.626985901594855233e-05,1.823433500519757878e-05,2.010611810685223024e-05,2.937755618381150048e-05
2.666318648605460085e-05,2.369943957285119995e-05,2.035971901140858127e-05,1.911464282642277198e-05,1.963335990472209322e-05,2.214295538370450700e-05,2.554868761202588810e-05,3.508592499838112760e-05,5.934961305630271435e-05,7.451711299950587557e-05,6.677411193194642642e-05,4.622632966717986748e-05,3.169030771264699900e-05,2.466190512139839050e-05,2.085916072426895789e-05,1.865023582189775158e-05,1.783572686967643556e-05,1.736691729467127441e-05,1.750468275337756059e-05,2.501311063061594804e-05
3.094489670778282275e-05,2.740043896681754472e-05,2.308735967358583420e-05,2.198226575086523660e-05,2.072955457035071894e-05,2.200545709337204710e-05,2.537155976839175619e-05,3.324380787393840087e-05,5.990787952004296462e-05,8.002548067973958988e-05,7.352488878019991850e-05,5.154317832318594745e-05,3.645911966050645645e-05,2.821560504914689976e-05,2.314385834210245065e-05,1.976432351685970709e-05,1.717323750284883887e-05,1.569864421962223583e-05,1.540192573985514854e-05,1.966619481112231302e-05
2.925157038689034635e-05,2.539985910997717735e-05,2.267925406669569176e-05,2.199420706686512923e-05,2.116017388359950926e-05,2.186578790386488818e-05,2.409285940264421861e-05,3.370605976651081746e-05,6.694865058441486932e-05,9.524801482710169799e-05,8.490806164751773253e-05,5.186170322441347152e-05,3.457547324213819227e-05,2.728167422793162511e-05,2.287150606909176860e-05,2.035939997073360586e-05,1.690066231773197392e-05,1.466665165824898056e-05,1.237209537128395417e-05,1.558643168101282112e-05
2.478223730590607007e-05,2.204275870801071733e-05,1.979154294305980876e-05,2.073971212108902831e-05,2.070455885245063441e-05,2.179528721845359074e-05,2.400965251899708037e-05,3.536721296053475431e-05,7.524398611038585032e-05,1.113601577421658779e-04,9.447956835686310709e-05,4.712157827251042076e-05,2.971318156112625608e-05,2.504369075738125023e-05,2.224066309106997804e-05,2.016315505024771957e-05,1.628388806195533951e-05,1.420460298712663339e-05,1.085648206215867520e-05,1.502749020076236241e-05
1.773606687279071924e-05,1.566152807882021958e-05,1.676187698713009667e-05,1.961019229509420911e-05,2.059337571011585487e-05,2.237784553286906498e-05,2.562121879442685865e-05,3.831008517595855530e-05,8.338555921103880551e-05,1.222038243966787525e-04,9.863404755151639937e-05,4.254623999780785036e-05,2.360917687654289605e-05,2.071644638780384634e-05,1.851756037177633776e-05,1.900397068697442103e-05,1.749058391397025959e-05,1.545481076528121050e-05,1.276784449293044113e-05,1.911397995392955841e-05
1.299754977138882866e-05,1.096516407479955291e-05,1.394641013481944902e-05,1.673216345741735216e-05,2.097920818362396212e-05,2.399812109826786392e-05,2.896080096612155356e-05,4.383918134000728531e-05,8.925859111141311829e-05,1.261582154884858815e-04,9.823756637117703704e-05,3.986610275727521703e-05,1.925711298140336578e-05,1.625854688146902033e-05,1.698329707939001524e-05,1.854612526831618210e-05,1.786034669555342549e-05,1.815217616756545471e-05,1.825002979396938489e-05,2.795118986276190614e-05
8.676874083253847299e-06,7.358286936576148811e-06,1.148042166962974354e-05,1.573182068517465338e-05,2.071275925606189919e-05,2.523655655309329832e-05,3.247876346331716633e-05,4.904403204218420680e-05,9.334781701570019693e-05,1.314611607717124380e-04,1.001766159983348309e-04,3.699062076284193729e-05,1.709081399504067364e-05,1.313951622724178115e-05,1.527954256966626906e-05,1.772185339386301426e-05,1.998390946353612222e-05,2.185807978400528922e-05,2.479168307845987788e-05,3.861148605905446920e-05
1.852838209615253685e-06,3.971093382925774723e-06,8.983971984949688994e-06,1.601509820163209656e-05,2.073656104360570738e-05,2.502685047553236620e-05,3.186989900482516911e-05,5.115608410366095520e-05,9.856090233291912286e-05,1.405690102481419097e-04,9.969719022776677071e-05,3.167092683304899547e-05,9.857293873657205829e-06,1.072927605175875133e-05,1.481039953730310060e-05,1.840093075926077832e-05,2.086560666439678263e-05,2.506315203037174483e-05,2.978272543678734576e-05,4.520678744695302148e-05
