3.403167151703721578e-06
3.455361494837661228e-06
3.859769127113545834e-06
5.121182050957957087e-06
5.872642320309213290e-06
9.393347283513545930e-06
1.292965944242997944e-05
1.638641302328403964e-05
2.041698552877100703e-05
2.353926578315656404e-05
2.543183147889623393e-05
2.294022725699602176e-05
1.355200884292172061e-05
-3.219867423708082237e-06
-2.759957565532677291e-05
-5.407983117513600328e-05
-7.416461602612700414e-05
-8.132934575605796021e-05
-6.753314526233973288e-05
-3.269630211956326039e-05
1.487218328201466787e-05
6.871341056349835057e-05
1.138965719988792330e-04
1.378364933988218124e-04
1.312418700634377050e-04
9.417683980308662415e-05
3.480112576720019663e-05
-3.192728036989115692e-05
-8.642636960992197584e-05
-1.160731439388388463e-04
-1.166214688939030822e-04
-9.792633922612635294e-05
-6.593384940577032315e-05
-2.139687980618473013e-05
2.234797898854222535e-05
6.938192395260626998e-05
1.055555596328593967e-04
1.218264487216778251e-04
1.079752188987560504e-04
7.116694013468395847e-05
2.527749099836936860e-05
-2.054548862427726044e-05
-5.814616092327216663e-05
-8.713478634786896366e-05
-1.007940046372797071e-04
-9.645846602553687630e-05
-6.906325006163884829e-05
-2.234385446400541302e-05
2.980601651637084705e-05
7.583162032897789535e-05
