3.891885350588174985e-06
3.166300719911058299e-06
3.665510794321610231e-06
4.507065652088808792e-06
6.400527957951601329e-06
8.819375934118790387e-06
1.224254202649103504e-05
1.589475080240598193e-05
1.970610784047777629e-05
2.341081601723350193e-05
2.380930411782097530e-05
2.123558911389873861e-05
1.294320199911606401e-05
-2.882053920063097213e-06
-2.529851692385771974e-05
-4.998806555787816682e-05
-7.198129248113187110e-05
-7.922451891627939780e-05
-6.659755704303397291e-05
-3.481518510385507960e-05
1.094303705129053137e-05
6.273518711854421230e-05
1.097289715928837064e-04
1.340122529119118760e-04
1.311048645599662043e-04
9.737686787585806368e-05
3.802836996993854448e-05
-2.900867243822401051e-05
-8.429671793591103223e-05
-1.141358445594557405e-04
-1.173025247798977828e-04
-9.879840511120216440e-05
-6.440243596720013688e-05
-2.487722719961730713e-05
2.052027582339914472e-05
6.643133891585344521e-05
1.034271520786920849e-04
1.194579192717341924e-04
1.077750367491725703e-04
7.200706532937646077e-05
2.463135499035505903e-05
-2.124607058026741610e-05
-5.885812303758559732e-05
-8.589076558205133280e-05
-9.918142740713252470e-05
-9.562093727372305316e-05
-7.066455597855217775e-05
-2.501730480976450328e-05
2.513856911697071199e-05
7.155254322505969736e-05
