1.849771723884582212e-06,1.005250113993690219e-05,6.455160021662148707e-06,4.013362958778549562e-06,3.293905904149512913e-06,3.893988052433163091e-06,6.332771959169282274e-06,1.123809436832186567e-05,1.896407042618539806e-05,2.615984510380632333e-05,2.807863132830271021e-05,2.350882264090293383e-05,1.639669163252316164e-05,8.243904833322706024e-06,4.233706189005995422e-06,2.293539676605427465e-06,2.496072699695429171e-06,2.505431070024082443e-06,4.995434190026868094e-06,1.060170051627035453e-05
2.660760819523722024e-06,1.263011874515971920e-06,-3.089697180200559800e-06,-5.680370644605608747e-06,-6.502211026628026813e-06,-5.336830907325537498e-06,-3.448221003680867882e-06,3.154265339825265650e-06,1.204608106394286221e-05,1.871805226318750063e-05,1.855058970388860228e-05,1.297846909189086534e-05,5.766329050228428997e-06,1.598250829210039075e-07,-3.594429260577582551e-06,-5.158266981636301943e-06,-4.957265631363723895e-06,-5.457062244446398715e-06,-2.064578670251293098e-06,5.716391204240384440e-06
5.482330838408295569e-06,1.884660079466589858e-06,-3.025667156665964376e-06,-6.732889769488499143e-06,-7.035734350673032601e-06,-7.721017395496728027e-06,-6.135391139379745933e-06,4.625918209566174108e-07,1.007630440211134425e-05,1.805261023476564518e-05,1.850569129532895032e-05,1.350786308583805324e-05,5.928967502868797845e-06,4.343013792007922214e-07,-3.128177128807976689e-06,-5.093381880516698286e-06,-6.017800171781900447e-06,-6.286277722685300193e-06,-3.504762419137294338e-06,3.053260774726784193e-06
8.115746020698176791e-06,3.708748612649165106e-06,-2.513253864101278111e-06,-5.602222125704782254e-06,-6.673841551347375847e-06,-7.422196769039714293e-06,-6.140074826504656975e-06,2.294537411692901204e-08,1.029671638482355929e-05,1.988636590858319011e-05,2.026707270479366689e-05,1.598320563625327072e-05,8.378346856247362878e-06,2.811576290935489944e-06,-1.441939947229013436e-06,-4.102247586735781855e-06,-5.921449593012486510e-06,-5.965346710022540937e-06,-3.256572333397552998e-06,2.451320505100366511e-06
9.379156704732168913e-06,4.440715809034002192e-06,-8.997146890195634603e-07,-4.148410204812901880e-06,-5.723861006440811781e-06,-6.736859665991808180e-06,-5.215642968637615588e-06,2.356634836363376466e-06,1.093418291789598302e-05,2.033628624584396963e-05,2.174432915359804136e-05,1.697420275468796151e-05,9.642096670630156480e-06,3.659226768637482243e-06,-7.360428846247425420e-07,-3.201377082224699676e-06,-4.140670840132442187e-06,-4.652815697875816216e-06,-1.867285929282141159e-06,3.815448843157104463e-06
8.214822376127251836e-06,4.561267696157666270e-06,-3.145817562587870603e-07,-2.952824757806680130e-06,-4.093714575847698199e-06,-5.140475857954131942e-06,-1.880226177422610146e-06,4.202340188203945280e-06,1.255710305117795630e-05,2.123376081479198368e-05,2.251651563409828470e-05,1.658768553210745550e-05,9.605764616959534141e-06,3.970430180809241649e-06,-1.186949107882130698e-07,-1.871698232324471168e-06,-3.363955786301467306e-06,-3.461197215460228740e-06,2.259560040466341696e-07,6.178726404769363717e-06
6.260112830875003411e-06,3.247523808988154779e-06,-4.391784858191962709e-07,-1.423576528071793663e-06,-3.597283607679997829e-06,-2.169289294409631960e-06,1.540402908359817548e-06,8.457375295922245633e-06,1.611178926394077595e-05,2.216517718259185284e-05,2.186196514080173387e-05,1.570755896901016767e-05,7.926885720807818865e-06,2.098688767830065112e-06,-3.041568983578888529e-07,-1.296274406451674914e-06,-2.059313839867522924e-06,-5.729094071545849745e-07,2.687693768362981105e-06,8.382687284057694217e-06
3.821511084393765858e-06,1.426356484395834722e-06,-1.739670162400308424e-06,-8.036611529057761987e-07,-1.303565327281808717e-06,-6.152145996743385678e-07,5.069021936603339913e-06,1.269255165697389752e-05,1.935589458419144669e-05,2.382226171455715074e-05,2.009336206610093245e-05,1.286317081060955173e-05,6.204228441435041176e-06,4.535113404339345350e-07,-1.033686165982969717e-06,-1.272370210147433733e-06,-4.206183335867048405e-07,1.073059862195216772e-06,5.141804378715875028e-06,1.091017381463352754e-05
1.426435854221175816e-06,6.848128631829531462e-07,-1.749200648146930505e-06,-1.670553756137343752e-06,-5.352980506882292013e-07,1.287009839979987613e-06,6.767364378411586811e-06,1.410362715130263457e-05,2.214026215301038446e-05,2.544198290558025974e-05,2.030539068691160047e-05,1.128870318859731931e-05,4.522584300568441187e-06,6.905814967859375535e-08,-1.264302800870826213e-06,-1.681018498459763401e-06,4.726109645984057992e-07,2.300229780869175282e-06,6.753064815752003193e-06,1.320858646889158062e-05
1.873507725553482991e-06,-2.424265179267019008e-07,-2.198868285762700515e-06,-1.705900166691697285e-06,3.525136974251381598e-07,2.445209913327480479e-06,7.603657892862751203e-06,1.549104224914254362e-05,2.245237608887901780e-05,2.683093623400676947e-05,2.126893913480257183e-05,1.241246185823390103e-05,3.491443971610500784e-06,-5.701530969664871990e-08,-1.651423806627583588e-06,-1.275459387841284413e-06,2.510742550781697730e-07,2.084256557807736079e-06,6.672617677314914072e-06,1.374747868019738223e-05
3.424232111532404556e-06,5.006264311123387777e-07,-1.399263390669642079e-06,-1.014743841535737436e-06,-3.794463166410783717e-07,2.072280752799587349e-06,6.518409757407811483e-06,1.455294700162034635e-05,2.180269130417349465e-05,2.631272877070622520e-05,2.123522333610693488e-05,1.316904874170696178e-05,5.009004608557652201e-06,4.056032280973513385e-07,-1.088453635482979338e-06,-1.484831817209654699e-06,5.319134264095565666e-07,1.437286273174668207e-06,5.579898004799976557e-06,1.238809263282184090e-05
5.783950001535348769e-06,2.953064289867551151e-06,6.011514810255902735e-07,1.581246429645807914e-08,-4.032720625955507176e-07,1.326324863241567225e-06,4.935636373762610373e-06,1.217134590527238951e-05,2.119736951566703439e-05,2.631906281239176579e-05,2.260704272300510147e-05,1.437740499311942189e-05,7.138199858364257012e-06,2.083381893658179007e-06,-1.433306279788660585e-09,-8.643022844071559830e-07,2.229759316711593527e-07,1.287429953573530955e-06,5.003395408549177724e-06,1.132783539235738167e-05
8.958129325955980243e-06,5.702866794185405026e-06,1.750352768387565625e-06,8.981356198386785130e-07,1.262483852657156122e-07,6.841264659939648016e-07,3.443460843946097777e-06,1.034255772425685537e-05,2.005735073591907578e-05,2.557187541541917393e-05,2.432160755907767312e-05,1.696196432663806225e-05,1.016387589751122115e-05,5.038242439776220777e-06,1.630414743974255495e-06,1.400047460452438087e-07,6.274784260683480537e-07,4.806941610971030146e-07,3.937717026853663670e-06,1.095548206641806193e-05
1.286693372101752705e-05,8.835319761981913554e-06,3.950083661025809528e-06,2.252184510534964558e-06,-1.856051655300124997e-08,1.048150627044710578e-07,2.075340212348998778e-06,9.575076477837387922e-06,1.798574918064125530e-05,2.536465627640086153e-05,2.648583633751512960e-05,2.033368322784750735e-05,1.312205271444086742e-05,6.895142493452009118e-06,3.216825104571225322e-06,1.063239412020014616e-06,2.805489987196588449e-08,4.394078863001767733e-07,2.792139462116339678e-06,9.562905639916345841e-06
1.586333554894073174e-05,1.178643717509107912e-05,6.909221329928463765e-06,3.586392298086433670e-06,1.058097305602247569e-06,2.763840172576706028e-07,1.972428759005228508e-06,8.767238511727354114e-06,1.855734156915305006e-05,2.653769253917021993e-05,2.916123472238851279e-05,2.367691349694381418e-05,1.542432333206275350e-05,8.869885815352949614e-06,4.665476824460019622e-06,1.842685273603404034e-06,7.718607606159201483e-07,9.235708123651117901e-07,2.313242997203170751e-06,9.879203432519092240e-06
1.817359361616163133e-05,1.377375769107021321e-05,8.864694369529002804e-06,4.779245289223649078e-06,1.779162956722056340e-06,7.146171087026287791e-07,2.866345200368942610e-06,9.574050134915597837e-06,1.810487548161021987e-05,2.809824478317471166e-05,3.087225093790723859e-05,2.594234463181936250e-05,1.683478118168727446e-05,1.073852092757431711e-05,6.413473879082864695e-06,2.762687132860498809e-06,1.543050113229539447e-06,1.755158086516950713e-06,2.743745658494455814e-06,9.501158986502388648e-06
1.929533087947268635e-05,1.486501831198933789e-05,9.802502584535295824e-06,6.046120470470930357e-06,3.622184255275630850e-06,2.804485139184875936e-06,4.672124962470762533e-06,1.060546514418930352e-05,1.928058207492737623e-05,2.931535940373343477e-05,3.200839385054060306e-05,2.698577864410451886e-05,1.863258039893116996e-05,1.202841186619129260e-05,8.013311115929770895e-06,4.608824985191943731e-06,3.159876604316628816e-06,2.911084105939697300e-06,4.366209783938376378e-06,9.573184422641423870e-06
1.921249459652696096e-05,1.501847481217075758e-05,1.003273945866321269e-05,7.548167802305926158e-06,5.988576011256745053e-06,5.136766485312494985e-06,7.450407372558114156e-06,1.355693730138340465e-05,2.172433982405153871e-05,3.004279643071674035e-05,3.200909166310556383e-05,2.683159358964654981e-05,1.865055857517220939e-05,1.262102587773970425e-05,8.746832468912065899e-06,5.258498666796215797e-06,4.180453477442599857e-06,4.347650585878648136e-06,6.540117448010098375e-06,1.241784111995492770e-05
1.728504609675590324e-05,1.355310091967262668e-05,9.628954380744130038e-06,8.874351899041959689e-06,8.174057496025583137e-06,7.281937050683423493e-06,1.029365553738649201e-05,1.699529021564527342e-05,2.502290594267597498e-05,3.141918692970229973e-05,3.141818622800495744e-05,2.546784952298463450e-05,1.769763735655101373e-05,1.216666383156687817e-05,7.837142753729584496e-06,5.989323787777331009e-06,5.474949167074040032e-06,6.329148167150248419e-06,8.991816135148194146e-06,1.498840851611298775e-05
1.546119038172766232e-05,1.188207793606730580e-05,9.136525143752854681e-06,8.404962360482447773e-06,8.816413592008124904e-06,9.725247813239298861e-06,1.286610994029916568e-05,2.046046509977968424e-05,2.784082869689152867e-05,3.152913892894301193e-05,2.998166849761993070e-05,2.334319162489818661e-05,1.476755287776285981e-05,9.904690688181231494e-06,6.841486826056220879e-06,5.446221592752286407e-06,5.898719462922444750e-06,7.665445107293461082e-06,1.170408708653992617e-05,1.732561172823592489e-05
