4.265003853689570511e-06
5.091510279315069147e-06
5.174939259684395422e-06
4.421162675229259143e-06
4.877363499060643252e-06
5.258839202381269921e-06
5.507768928150211090e-06
5.747991012066723187e-06
6.239864330657294347e-06
5.692897163435752852e-06
6.402999490941234861e-06
7.060997410432901975e-06
6.564611218990709682e-06
7.216440272776524687e-06
7.678444826420000244e-06
8.550001564909120931e-06
7.976499685862683799e-06
8.317179541838311019e-06
8.116925430279852357e-06
7.688050275448654998e-06
7.532045075723916052e-06
5.999256969127411084e-06
5.265146197606108371e-06
3.453708937005378430e-06
1.941154619017426394e-06
5.003531039870384244e-07
-2.485245666648944761e-06
-4.800649552887091259e-06
-6.365222611523277075e-06
-7.819590416118672304e-06
-8.421621922009891312e-06
-7.796190855766237403e-06
-6.805831575801162724e-06
-5.200327871231365342e-06
-2.889655363407718055e-06
-4.079264479423199745e-07
1.590358328475309234e-06
3.863066487955833056e-06
7.851861337021184280e-06
1.071931774964209409e-05
1.271525140967286462e-05
1.526652907575474022e-05
1.767372714028406230e-05
2.061021946168387303e-05
2.329461066462585513e-05
2.696155405393483342e-05
2.916490120930157560e-05
2.981203283587468007e-05
2.816355381457891438e-05
2.573303255821544420e-05
1.917457648219138646e-05
1.117938534992392762e-05
3.175411439036051637e-06
-5.204249989702108195e-06
-1.397521536145556626e-05
-1.973232666907211302e-05
-2.359982763157558318e-05
-2.489434143314093494e-05
-2.382070242277536649e-05
-1.958984058808065987e-05
-1.538988619610638409e-05
-1.187059136145798119e-05
-7.033738776406509896e-06
-3.367907345339117519e-06
-5.936072706981930883e-07
2.144670457402598429e-06
4.620143642743460035e-06
7.548301976345092845e-06
1.124403509999422503e-05
1.563591327628247529e-05
1.988799122912022219e-05
2.490287194583123856e-05
2.756228394673624564e-05
2.897438630444464425e-05
2.830996787786645228e-05
2.541550939960100197e-05
2.228640819784290765e-05
1.790043560497212166e-05
1.248593879932961609e-05
7.469561540707475223e-06
2.840581581577256296e-06
-1.049527741223017435e-06
-4.852412592583259533e-06
-7.089704513411724745e-06
-9.319723226326267853e-06
-1.204822214088154484e-05
-1.373401729759059170e-05
-1.559375644895317388e-05
-1.574977386208928554e-05
-1.534389975301862712e-05
-1.300343562945297739e-05
-9.433115486792079994e-06
-4.036772702756660795e-06
1.167627369646874104e-06
6.973371024076218502e-06
1.207018634781989718e-05
1.622933394548528845e-05
1.965999936736784412e-05
2.214579193114772960e-05
2.288104427496347653e-05
2.352984362204151188e-05
2.313782746712681650e-05
2.218569482892329844e-05
2.132722007660153919e-05
1.912205992358945430e-05
1.585774612633136061e-05
1.354893217356537133e-05
9.360510451419202854e-06
3.298286129638387784e-06
-1.352083502986287089e-06
-6.020633544432110607e-06
-9.575519994686533282e-06
-1.196545068963795832e-05
-1.444529756004711456e-05
-1.505140510115015372e-05
-1.464403420728802931e-05
-1.279869671507074589e-05
-9.951027729039547330e-06
-7.340280360683943275e-06
-3.400427235938562790e-06
-1.334275464423306797e-07
3.531085478094614855e-06
7.779000548650452963e-06
1.189761835703454519e-05
1.536850358349038071e-05
1.866711513808696406e-05
2.065412950339772701e-05
2.216798399454204300e-05
2.182161383387303018e-05
2.178315282993212160e-05
2.151104813873071784e-05
1.985361058019146312e-05
1.695130560966708687e-05
1.210469083102478398e-05
8.727249426128329298e-06
4.597633440801144091e-06
2.312524609203706343e-07
-3.502525838179266318e-06
-7.337048820413753439e-06
-9.853114562255166811e-06
-1.189928579996194100e-05
-1.182848366535171079e-05
-1.231583663384591328e-05
-1.104574202164824431e-05
-9.373010218714773295e-06
-7.798273589377573576e-06
-5.458386879122703373e-06
-1.746881782799483418e-06
7.277096081189867979e-07
5.468019652189591092e-06
9.045422879504099294e-06
1.262160554636792824e-05
1.584688068349398980e-05
1.856851907852992767e-05
2.060584143946665354e-05
2.095928529919900314e-05
2.121733551135231646e-05
2.003989159496427668e-05
1.931509552735624207e-05
1.782005678530491165e-05
1.408670965085427869e-05
1.168700555511919872e-05
9.163179283310568990e-06
5.075675678210494071e-06
1.325647868991450011e-06
-1.719678646930746764e-06
-4.848671541405869228e-06
-7.842565872700550420e-06
-9.464160642665197113e-06
-1.127545090861453689e-05
-1.114913250441656558e-05
-9.393248327123656421e-06
-8.332004558764547007e-06
-6.609186995716069493e-06
-4.132683511973599419e-06
-5.057578334465571706e-07
2.761841874580658485e-06
4.797746595019516877e-06
8.028267548468456954e-06
1.191101763166871989e-05
1.413472499486090416e-05
1.577963655502788540e-05
1.800547215719793331e-05
1.870612902442433362e-05
1.941907265288825765e-05
1.882570064649639438e-05
1.705899337428822790e-05
1.545786399668476864e-05
1.278355551998782337e-05
9.532416575929890642e-06
6.738172902640736680e-06
4.298497833240546860e-06
9.521969667963853224e-07
-1.361956692892426150e-06
-3.335356140524427747e-06
-4.852209926288256859e-06
-6.661245638134419491e-06
-8.025030734225174528e-06
-7.836261601205235855e-06
-7.194423794519319939e-06
-6.302242819926753134e-06
-4.158177238661934300e-06
-1.911684628891160382e-06
-8.683110938106260009e-09
2.942323635479071726e-06
5.883039680685922398e-06
8.983368548745351810e-06
1.142027504250028269e-05
1.226676299080421693e-05
1.468629462308227483e-05
1.636072108888979727e-05
1.712332550626839510e-05
1.698269183893172553e-05
1.608643330245092110e-05
1.411969805762927829e-05
1.308259567557486304e-05
1.048641503825266803e-05
8.972272230796365033e-06
6.541560174577354521e-06
3.953863243434256138e-06
1.022789530370524720e-06
-9.247862549800624643e-07
-2.798502996414575023e-06
-3.467514793328446794e-06
-4.571079298549059701e-06
-5.910024848798246908e-06
-5.650829750768704307e-06
-5.188211230323300634e-06
-4.116831215301406893e-06
-2.838194640340270740e-06
-1.285823525657222324e-06
1.007015198287421703e-06
3.823300470600358849e-06
6.339996486923660238e-06
8.779638888918140738e-06
1.039032963276857418e-05
1.224701041754327232e-05
1.371873989868280695e-05
1.428046159548624056e-05
1.501408575624666823e-05
1.388124438546715618e-05
1.358375800480846752e-05
1.289007735488614836e-05
1.076387262130963128e-05
9.596698657211454633e-06
7.589625273045250008e-06
5.870919951727821569e-06
3.185885948617851793e-06
9.386583135443338492e-07
-9.435518145856771903e-07
-2.503851966146006353e-06
-4.335628460119972845e-06
-5.457994800859816230e-06
-5.039429222511069927e-06
-3.871782960243475335e-06
-3.644989365996301861e-06
-2.633292111351964343e-06
-8.280235082739374354e-07
9.326205511762090940e-07
3.033047249278011663e-06
6.060171705331622054e-06
9.024468326138469808e-06
9.731167986825749357e-06
1.133457197350901741e-05
1.242096645212222349e-05
1.304255232356848132e-05
1.401663206299498697e-05
1.353358362806660793e-05
1.322692537448307335e-05
1.281531418890501420e-05
1.118716383568769886e-05
9.932354342522902818e-06
8.719467401251036770e-06
6.900277903311833295e-06
4.010767192495087574e-06
1.895154591979235524e-06
1.286917996514336162e-06
-3.613060177731946516e-08
-1.441261356908091395e-06
-2.430248362953062342e-06
-2.062202832115557349e-06
-2.856532713199168009e-06
-2.704126150029693446e-06
-2.504001320206413247e-06
-1.145695604582487230e-06
3.725349657363301606e-07
1.675607141836685870e-06
2.949761967326893632e-06
4.705008739865077602e-06
6.280467556544202460e-06
8.579454536063004020e-06
9.984618340268590033e-06
1.021860127931805575e-05
1.194124601565614122e-05
1.229930026469655694e-05
1.249373161503343867e-05
1.208768573751672540e-05
1.092644011819357514e-05
1.028365844380984103e-05
9.580925747713199566e-06
7.815711703834377614e-06
6.314841942629913815e-06
4.340512124507552865e-06
2.799745207912695620e-06
1.492482027456797062e-06
-5.180650660270155617e-07
-7.285136287868413914e-07
-9.725931903065059463e-07
-1.986266137726689709e-06
-2.332310769345931314e-06
-1.902954243029763430e-06
-9.765950082259077040e-07
-3.881578966247332206e-07
9.212745348892699536e-07
1.977846239682589185e-06
3.341586402910472669e-06
4.648699535362135983e-06
6.147671238756525447e-06
8.133082541778545449e-06
8.871786839772891018e-06
9.072939886166295480e-06
1.050678183854447649e-05
1.081959126226624828e-05
1.114162096149487592e-05
1.079011920765709358e-05
1.082705898263519057e-05
9.645875906066688491e-06
8.240852903063829114e-06
7.001053154672314488e-06
6.079988676579815465e-06
5.055534340268441444e-06
4.061432118129044225e-06
2.880885283959353221e-06
1.805589048989256553e-06
1.254218999012852864e-06
7.325717082021078347e-07
-2.477885004464084744e-07
4.653028686585261538e-08
8.581849440305417980e-07
1.437019018057863703e-06
1.682757174721115657e-06
1.866658361181181510e-06
3.222179765983545025e-06
4.336597431235771421e-06
4.771008592350172287e-06
6.094956750026218324e-06
6.774201980436002017e-06
7.593994430130065261e-06
8.059672635656625912e-06
9.031176438244559063e-06
8.550909087298940142e-06
8.372651433718244774e-06
8.616327779176580177e-06
8.275092386469352701e-06
8.632397713981866400e-06
7.467695282873323286e-06
6.567851867273643558e-06
5.457917391425789021e-06
4.514050630433720217e-06
3.832584675682381544e-06
3.090156501620392068e-06
2.100613212854205536e-06
1.545314955049967307e-06
1.171843269237250636e-06
6.443541164010589017e-07
9.768752400922976742e-07
1.983242277495660669e-06
2.017716053686154147e-06
1.504422389283924549e-06
2.550008251985694051e-06
3.298001144256774583e-06
4.534918093848920848e-06
4.943941146525625633e-06
6.454999009345430342e-06
6.968804908384384930e-06
6.853184949441546648e-06
7.300112619246370469e-06
8.340185132930924000e-06
8.219553199386686842e-06
8.540388361058187804e-06
8.316318288153233933e-06
8.452640204908266563e-06
7.387203107481788656e-06
6.459709395959128070e-06
6.308288926969410657e-06
5.756724590069729369e-06
5.421832329712190572e-06
4.921150747414111603e-06
3.575895374118985140e-06
3.090645020726791901e-06
2.168220915840455743e-06
2.391359195670203794e-06
1.879209497668628306e-06
1.349577793263118695e-06
6.736100248563505635e-07
1.098542503130897999e-06
1.402045359430784424e-06
2.087445281743730876e-06
2.230928802896526963e-06
3.860464267994768841e-06
